fecha	objective	metric	first_metric_only	boost_from_average	feature_pre_filter	verbosity	seed	max_bin	num_iterations	force_row_wise	seed	learning_rate	feature_fraction	min_data_in_leaf	num_leaves	prob_corte	lambda_l1	lambda_l2	max_depth	min_gain_to_split	ganancia	iteracion
20220530 224359	binary	custom	TRUE	TRUE	FALSE	-100	200443	31	15	TRUE	200443	0.287073345026066	0.564473664848548	2148	697	0.0182463152106114	23.0766633350868	50.1366857374604	23	0.113122630218924	12138000	1
20220530 224410	binary	custom	TRUE	TRUE	FALSE	-100	200443	31	40	TRUE	200443	0.149224826938848	0.413664170861658	3843	870	0.036680779450614	57.4915165696034	19.8919269825435	8	0.0818790532752044	8193000	2
20220530 224416	binary	custom	TRUE	TRUE	FALSE	-100	200443	31	17	TRUE	200443	0.264821177819783	0.653477637852646	2751	677	0.0255808428434884	76.6545936019005	49.7973397380621	15	0.150948032946326	9736000	3
20220530 224422	binary	custom	TRUE	TRUE	FALSE	-100	200443	31	24	TRUE	200443	0.134144262430685	0.819197507150885	2231	352	0.0109829474904001	65.172184202432	17.4935599155207	21	0.0745579441427253	11221000	4
20220530 224431	binary	custom	TRUE	TRUE	FALSE	-100	200443	31	47	TRUE	200443	0.176323903118027	0.263816994625247	1330	891	0.0310065441483015	43.0357318623767	59.8030754112794	11	0.0842416570741787	9701000	5
20220530 224439	binary	custom	TRUE	TRUE	FALSE	-100	200443	31	1	TRUE	200443	0.0536513329438943	0.77779481533087	5328	535	0.0379094650049983	89.3941339273523	53.936948805737	27	0.0172460501276267	0	6
20220530 224446	binary	custom	TRUE	TRUE	FALSE	-100	200443	31	45	TRUE	200443	0.142281626879574	0.774413400526262	7437	186	0.0229639830300045	63.3844778873026	43.941241645694	21	0.120470013321998	10429000	7
20220530 224515	binary	custom	TRUE	TRUE	FALSE	-100	200443	31	214	TRUE	200443	0.026695952091767	0.595390655695357	258	499	0.0387201149001528	13.1732687548113	12.6280454466016	7	0.0944925903911806	9585000	8
20220530 224531	binary	custom	TRUE	TRUE	FALSE	-100	200443	31	96	TRUE	200443	0.0916236990823462	0.423727356192345	5793	283	0.0413415588183583	46.167879695228	61.4501622615434	20	0.157655465930131	5206000	9
20220530 224539	binary	custom	TRUE	TRUE	FALSE	-100	200443	31	34	TRUE	200443	0.205298288832225	0.616273657672314	3762	602	0.0189306705385442	19.5800225916577	38.1880473073882	13	0.0930236024458686	12276000	10
20220530 224548	binary	custom	TRUE	TRUE	FALSE	-100	200443	31	23	TRUE	200443	0.248376509209112	0.461732194526121	6818	931	0.0289798691962022	67.6474504192205	80.9637693940507	25	0.176736273201338	8895000	11
20220530 224607	binary	custom	TRUE	TRUE	FALSE	-100	200443	31	106	TRUE	200443	0.0433636971136891	0.284067908809003	3134	228	0.0212117351276296	54.55667648154	8.841295432972	18	0.041293744788143	10888000	12
20220530 224612	binary	custom	TRUE	TRUE	FALSE	-100	200443	31	34	TRUE	200443	0.170941127010738	0.967451057303697	4454	359	0.0398381244786799	39.1763375380025	13.9094800216198	24	0.100282444985997	8501000	13
20220530 224618	binary	custom	TRUE	TRUE	FALSE	-100	200443	31	16	TRUE	200443	0.192018575893405	0.635901736271464	2579	322	0.013886109153531	98.1656252982147	29.6295784271529	14	0.142422032481732	11327000	14
20220530 224628	binary	custom	TRUE	TRUE	FALSE	-100	200443	31	116	TRUE	200443	0.0839711269022923	0.831856394533275	6489	834	0.0446166850508975	38.0423765131531	88.1405342603102	22	0.14622104487563	5449000	15
20220530 224636	binary	custom	TRUE	TRUE	FALSE	-100	200443	31	59	TRUE	200443	0.29218615447475	0.676203473569411	7955	573	0.0431970477859809	2.93986127944663	74.4385427452572	10	0.00561374084273767	8490000	16
20220530 224644	binary	custom	TRUE	TRUE	FALSE	-100	200443	31	49	TRUE	200443	0.0820185047216687	0.920816527808913	2985	484	0.026034954629776	33.7906542764459	70.8729268704903	9	0.134766572465499	11059000	17
20220530 224657	binary	custom	TRUE	TRUE	FALSE	-100	200443	31	78	TRUE	200443	0.16183296284703	0.295952051443358	6910	161	0.0209228073821847	14.5415051904921	56.481039647608	16	0.0121162980975997	12507000	18
20220530 224702	binary	custom	TRUE	TRUE	FALSE	-100	200443	31	29	TRUE	200443	0.282357044067467	0.873765281329139	1758	644	0.0295450687263467	48.9539060864546	98.3175323862169	13	0.0268538950644951	10721000	19
20220530 224717	binary	custom	TRUE	TRUE	FALSE	-100	200443	31	48	TRUE	200443	0.0643697344943131	0.326516550096373	4444	37	0.0153121895936676	87.7116383305596	75.7661180700072	29	0.00201858925089861	11078000	20
20220530 224727	binary	custom	TRUE	TRUE	FALSE	-100	200443	31	33	TRUE	200443	0.181014072415031	0.746561809473981	5607	104	0.0355689861158478	71.4906228648033	78.956370770983	30	0.182196017478903	987000	21
20220530 224739	binary	custom	TRUE	TRUE	FALSE	-100	200443	31	82	TRUE	200443	0.124656179217984	0.224859649988098	5442	970	0.0241994795576492	29.2273092756255	39.8691218766746	8	0.184137229171271	11325000	22
20220530 224752	binary	custom	TRUE	TRUE	FALSE	-100	200443	31	53	TRUE	200443	0.105865030780357	0.485199878514848	1533	803	0.0150629641373935	81.1752984209711	68.606344828408	24	0.0467201618024976	11114000	23
20220530 224757	binary	custom	TRUE	TRUE	FALSE	-100	200443	31	22	TRUE	200443	0.251824348990404	0.865891128090314	6199	424	0.00958623652081264	95.5707138365445	83.9379793078276	16	0.122363897630324	10747000	24
20220530 224804	binary	custom	TRUE	TRUE	FALSE	-100	200443	31	17	TRUE	200443	0.272955734971523	0.351227525497476	608	723	0.0317068015572322	92.3614716926952	27.6599334261846	18	0.162426160512647	5811000	25
20220530 224821	binary	custom	TRUE	TRUE	FALSE	-100	200443	31	146	TRUE	200443	0.072261620982964	0.22149507076376	4733	781	0.0471610820373624	32.9402044027423	22.6213401306369	26	0.106687240781159	4733000	26
20220530 224833	binary	custom	TRUE	TRUE	FALSE	-100	200443	31	65	TRUE	200443	0.237955975928279	0.507290945988562	4987	74	0.0430495927234275	17.0013603333953	89.4462305845486	28	0.035331799578853	8445000	27
20220530 224838	binary	custom	TRUE	TRUE	FALSE	-100	200443	31	6	TRUE	200443	0.232595636974115	0.990977143387621	671	240	0.0270190663920302	59.9555651728426	1.31882929062057	7	0.195442265349751	9113000	28
20220530 224843	binary	custom	TRUE	TRUE	FALSE	-100	200443	31	1	TRUE	200443	0.21240212626309	0.899411211597423	7585	1016	0.0480224614997429	72.5138977435159	94.7656573132715	11	0.0587100233106563	0	29
20220530 224852	binary	custom	TRUE	TRUE	FALSE	-100	200443	31	15	TRUE	200443	0.118751758735291	0.385827716507225	4066	153	0.0091687036879227	50.5696935178195	36.0565039212815	27	0.189296742726583	11713000	30
20220530 224913	binary	custom	TRUE	TRUE	FALSE	-100	200443	31	153	TRUE	200443	0.0372755264172641	0.696119934222144	3333	772	0.0123108384098655	6.39382158212053	4.23414581649316	17	0.0279402442004842	12922000	31
20220530 224949	binary	custom	TRUE	TRUE	FALSE	-100	200443	31	442	TRUE	200443	0.0252461510482115	0.949310514486085	6440	459	0.0495852965051502	0.308688165387139	30.7747614285391	6	0.130417461175885	7331000	32
20220530 225017	binary	custom	TRUE	TRUE	FALSE	-100	200443	31	1	TRUE	200443	0.0171584297088622	0.514942725809912	1079	51	0.0461455885670687	85.3623664174746	45.8488938230504	19	0.0536409347964865	0	33
20220530 225034	binary	custom	TRUE	TRUE	FALSE	-100	200443	31	113	TRUE	200443	0.111419173194962	0.361245706630871	1826	402	0.0168877056397765	9.97229721461837	92.3295874045127	5	0.0629349193251174	13351000	34
20220530 225039	binary	custom	TRUE	TRUE	FALSE	-100	200443	31	28	TRUE	200443	0.19842452414308	0.713622055554556	27	959	0.0326635069448794	26.7019132106927	64.506494055321	29	0.168563708164988	10346000	35
20220530 225048	binary	custom	TRUE	TRUE	FALSE	-100	200443	31	21	TRUE	200443	0.223033626414253	0.534103399147797	7125	624	0.0338133107130286	78.3560042094905	5.64895087995359	12	0.0706434025726695	6665000	36
20220530 225128	binary	custom	TRUE	TRUE	FALSE	-100	200443	31	316	TRUE	200443	0.0462996617295702	0.397270473586158	4287	328	0.0134503502763075	5.2493978726893	94.1584411018228	17	0.0546785326573845	13594000	37
20220530 225225	binary	custom	TRUE	TRUE	FALSE	-100	200443	31	526	TRUE	200443	0.0290372261899944	0.478673572763461	5387	202	0.0131892657377484	23.8286858172319	68.8833117264807	5	0.0058579917674561	12511000	38
20220530 225234	binary	custom	TRUE	TRUE	FALSE	-100	200443	31	38	TRUE	200443	0.189970835920069	0.702258216464981	3449	882	0.0236298478910959	0.0376601464797969	99.6333614929232	21	0.045510948456684	11932000	39
20220530 225249	binary	custom	TRUE	TRUE	FALSE	-100	200443	31	115	TRUE	200443	0.170375650214199	0.244405852485185	2739	292	0.0137167793451623	9.20890893330694	77.8038348785774	16	0.0241838645550353	13302000	40
20220530 225331	binary	custom	TRUE	TRUE	FALSE	-100	200443	31	311	TRUE	200443	0.0373623305922244	0.397030438049175	1929	375	0.0141361453516841	2.71299259266321	73.4048349295974	15	0.148661482695997	13934000	41
20220530 225418	binary	custom	TRUE	TRUE	FALSE	-100	200443	31	398	TRUE	200443	0.0291591361758389	0.271472321415495	6838	381	0.0142284485561103	0.559937808268971	23.1459949710752	17	0.146305198901073	13302000	42
20220530 225447	binary	custom	TRUE	TRUE	FALSE	-100	200443	31	240	TRUE	200443	0.0853862937217688	0.26781742545331	3250	29	0.0154176611054107	13.9938733485732	96.2415816999578	14	0.142920064622847	13129000	43
20220530 225557	binary	custom	TRUE	TRUE	FALSE	-100	200443	31	711	TRUE	200443	0.0271714937205359	0.254732958035565	2334	818	0.0119444844420004	1.56364956834233	76.8336693349938	12	0.136941456498927	13631000	44
20220530 225631	binary	custom	TRUE	TRUE	FALSE	-100	200443	31	287	TRUE	200443	0.0513398939420638	0.361244506861363	3995	662	0.0141583678872728	4.73490850430854	68.0148733027724	21	0.160282074470868	13736000	45
20220530 225704	binary	custom	TRUE	TRUE	FALSE	-100	200443	31	179	TRUE	200443	0.0772606914355617	0.554827732017178	0	597	0.0127498944046595	0.634846379779318	94.3646344917025	22	0.12801549002947	13516000	46
20220530 225721	binary	custom	TRUE	TRUE	FALSE	-100	200443	31	78	TRUE	200443	0.137927294658343	0.516593541539934	2006	498	0.0125971802266924	3.10806323137188	92.1526316008046	9	0.164635773749552	13285000	47
20220530 225756	binary	custom	TRUE	TRUE	FALSE	-100	200443	31	271	TRUE	200443	0.0469409632631126	0.291709010801733	2154	457	0.0126586399202434	0.549686884198089	55.7199823820767	23	0.0884819868065316	13644000	48
20220530 225832	binary	custom	TRUE	TRUE	FALSE	-100	200443	31	283	TRUE	200443	0.0498561809468782	0.318377292647945	160	671	0.0136996515885957	4.21410254949104	48.1382157037703	16	0.136098637562708	13288000	49
20220530 225912	binary	custom	TRUE	TRUE	FALSE	-100	200443	31	433	TRUE	200443	0.0406361415987502	0.265742307315735	7990	537	0.0147507719733969	25.4825486988833	81.777757627843	18	0.12308797593647	12550000	50
20220530 225934	binary	custom	TRUE	TRUE	FALSE	-100	200443	31	189	TRUE	200443	0.0466737124536316	0.894546549821655	2670	358	0.01402834936202	0.19961418488032	67.5500055925222	19	0.119694173884519	13602000	51
20220530 230033	binary	custom	TRUE	TRUE	FALSE	-100	200443	31	513	TRUE	200443	0.0121889744853333	0.697753478433671	3290	408	0.0135431866304506	0.376550320235443	25.5147577518015	30	0.178737201459905	13419000	52
20220530 230120	binary	custom	TRUE	TRUE	FALSE	-100	200443	31	335	TRUE	200443	0.0270437147058147	0.57425287950215	5686	88	0.0153257652922096	0.0191876603687771	23.7891978216122	26	0.026044410497488	13350000	53
20220530 230135	binary	custom	TRUE	TRUE	FALSE	-100	200443	31	109	TRUE	200443	0.0635256790049578	0.718589182604524	6529	1016	0.0123649300023705	0.0368850807470301	43.2004393673358	27	0.154077306244962	12683000	54
20220530 230242	binary	custom	TRUE	TRUE	FALSE	-100	200443	31	470	TRUE	200443	0.0239316686277607	0.534079832688926	2069	360	0.0152834619468754	3.39980551659598	73.7985082501291	20	0.0653057148243491	13669000	55
20220530 230450	binary	custom	TRUE	TRUE	FALSE	-100	200443	31	951	TRUE	200443	0.0118595165664512	0.471586455854747	1982	246	0.0124928747607583	0.15722402972352	77.5163912937765	23	0.150634201074689	13757000	56
20220530 230522	binary	custom	TRUE	TRUE	FALSE	-100	200443	31	182	TRUE	200443	0.0740798330230935	0.368319367917878	2952	413	0.0141774908762957	0.0424063368060693	88.9439573897791	30	0.113129199905101	14002000	57
20220530 230717	binary	custom	TRUE	TRUE	FALSE	-100	200443	31	1142	TRUE	200443	0.0101378960943913	0.620826090170427	1888	841	0.0139341358812693	0.213232278134277	83.888641054475	28	0.17235365869595	13823000	58
20220530 230730	binary	custom	TRUE	TRUE	FALSE	-100	200443	31	57	TRUE	200443	0.181801068920901	0.569067966370518	3301	331	0.0143760034948495	0.0433250806979467	84.382308621614	28	0.1331090710881	13132000	59
20220530 230814	binary	custom	TRUE	TRUE	FALSE	-100	200443	31	309	TRUE	200443	0.039188478872277	0.375792511452524	1648	828	0.0142668789145921	0.152109259259388	94.721678388636	11	0.00538516611351362	13994000	60
20220530 230846	binary	custom	TRUE	TRUE	FALSE	-100	200443	31	303	TRUE	200443	0.0342109367003358	0.700301010362847	1301	917	0.014254384611178	1.43490366905395	94.4483724194345	8	0.0766166533137002	13926000	61
20220530 230935	binary	custom	TRUE	TRUE	FALSE	-100	200443	31	365	TRUE	200443	0.03864887205693	0.395482032039335	1656	978	0.0142093830490913	1.78484932176303	99.5568121571753	15	0.0773100191291924	14051000	62
20220530 231123	binary	custom	TRUE	TRUE	FALSE	-100	200443	31	848	TRUE	200443	0.0178213496592066	0.505347190961447	2074	848	0.0139604446085504	1.80014825672253	97.2224369905588	14	0.0795008606205241	13719000	63
20220530 231148	binary	custom	TRUE	TRUE	FALSE	-100	200443	31	119	TRUE	200443	0.0745563385531725	0.477293982012268	634	1021	0.0143311650681413	0.0317598229263318	82.4345762141043	8	0.0192895898542284	13901000	64
20220530 231212	binary	custom	TRUE	TRUE	FALSE	-100	200443	31	186	TRUE	200443	0.0540219482845275	0.884945823234059	749	1023	0.0156199626119447	0.0148025681305342	94.1108168047413	21	0.195319851299286	13737000	65
20220530 231245	binary	custom	TRUE	TRUE	FALSE	-100	200443	31	189	TRUE	200443	0.0842682130732242	0.739324724510669	1088	1022	0.014456106586403	0.257242305150609	99.8859379814207	18	8.35957541617274e-06	13926000	66
20220530 231324	binary	custom	TRUE	TRUE	FALSE	-100	200443	31	282	TRUE	200443	0.0561163062205693	0.371629683759876	1396	965	0.0155570640234692	0.331379831489612	99.3952423963229	16	0.00709718513624356	13603000	67
20220530 231417	binary	custom	TRUE	TRUE	FALSE	-100	200443	31	483	TRUE	200443	0.0388518291575539	0.296886407333699	1632	373	0.014275597437942	0.275750395638329	92.0480051992051	27	0.189326237036096	13864000	68
20220530 231427	binary	custom	TRUE	TRUE	FALSE	-100	200443	31	64	TRUE	200443	0.0937308118738726	0.956232822247898	966	1024	0.0134487488754393	29.0897126542676	93.3622474161294	10	0.0279321164731736	12495000	69
20220530 231444	binary	custom	TRUE	TRUE	FALSE	-100	200443	31	60	TRUE	200443	0.0875183527925194	0.37754998830132	1794	986	0.0144264248902931	1.96332937096542	13.0561779953206	30	0.138973081251702	13824000	70
20220530 231506	binary	custom	TRUE	TRUE	FALSE	-100	200443	31	81	TRUE	200443	0.0729593327900909	0.966362220541325	1472	1024	0.0176399593870594	0.8643288442141	13.2456912180974	25	0.125613684818457	13065000	71
20220530 231530	binary	custom	TRUE	TRUE	FALSE	-100	200443	31	89	TRUE	200443	0.10702238795576	0.335403381539284	3182	120	0.0146016821327307	0.0162847951517453	7.59041822688905	9	0.0606350103861656	13183000	72
20220530 231540	binary	custom	TRUE	TRUE	FALSE	-100	200443	31	14	TRUE	200443	0.249594606059381	0.978509359570697	2647	983	0.0291180647650326	0.13134417013983	0.193726938922861	27	0.0601453928895344	9868000	73
20220530 231604	binary	custom	TRUE	TRUE	FALSE	-100	200443	31	126	TRUE	200443	0.0827809584362809	0.485204300404869	1488	973	0.014280842721353	0.0444356758698273	86.5058688470546	26	0.127925067843	13918000	74
20220530 231623	binary	custom	TRUE	TRUE	FALSE	-100	200443	31	96	TRUE	200443	0.068150611781818	0.359156892593352	3292	298	0.0147425367697434	7.95670137555082	0.124086860965515	30	0.134114895473547	13534000	75
20220530 231653	binary	custom	TRUE	TRUE	FALSE	-100	200443	31	213	TRUE	200443	0.0597639623025246	0.336715832523764	2145	195	0.0141451146234225	0.191315256499235	84.3431096393051	30	0.0202454882658337	13926000	76
20220530 231710	binary	custom	TRUE	TRUE	FALSE	-100	200443	31	79	TRUE	200443	0.143700403844981	0.572125397614987	153	65	0.0132965324515325	0.101555746226432	96.2074232629903	6	0.000433891082629567	13582000	77
20220530 231744	binary	custom	TRUE	TRUE	FALSE	-100	200443	31	257	TRUE	200443	0.0354955668304008	0.811139007751234	534	1024	0.014162726120425	0.159628398901561	88.0664848208279	30	0.142646564804194	13650000	78
20220530 231753	binary	custom	TRUE	TRUE	FALSE	-100	200443	31	22	TRUE	200443	0.235673765453525	0.292977523228276	7056	1020	0.015123362676862	60.8037140127737	19.3894599571703	12	0.139920574848616	11440000	79
20220530 231808	binary	custom	TRUE	TRUE	FALSE	-100	200443	31	132	TRUE	200443	0.0535527911176288	0.761118092035973	1646	1024	0.0141975683806943	8.90061611624323	83.0711784151368	20	0.196124007466683	13459000	80
20220530 231848	binary	custom	TRUE	TRUE	FALSE	-100	200443	31	291	TRUE	200443	0.14148644642297	0.355012697626834	1444	271	0.00850628069609882	0.0768503311602895	93.1805494223348	12	7.99004705260124e-05	12424000	81
20220530 231858	binary	custom	TRUE	TRUE	FALSE	-100	200443	31	33	TRUE	200443	0.259615811791166	0.961177846144609	768	212	0.0170398729336521	0.0638381441522321	92.8987126240412	8	0.0445258160323845	13696000	82
20220530 231907	binary	custom	TRUE	TRUE	FALSE	-100	200443	31	34	TRUE	200443	0.264849616943999	0.841022238726268	896	896	0.0144099394559336	0.0668804969039139	99.3930574588437	6	0.0173310403399327	13239000	83
20220530 231931	binary	custom	TRUE	TRUE	FALSE	-100	200443	31	196	TRUE	200443	0.0622565868202936	0.915817040068627	962	172	0.0177477015446424	0.0794667262018777	90.6470640810051	27	0.141630356724975	13373000	84
20220530 232041	binary	custom	TRUE	TRUE	FALSE	-100	200443	31	712	TRUE	200443	0.0194855744161137	0.210235469954863	6739	968	0.0143065151566637	0.378755586309075	14.4617881350176	29	0.0937206003104764	13326000	85
20220530 232056	binary	custom	TRUE	TRUE	FALSE	-100	200443	31	85	TRUE	200443	0.10568895625316	0.882838042806533	876	1001	0.0201668278469469	0.0191327246704395	97.9459995384805	18	0.186991343986737	13272000	86
20220530 232112	binary	custom	TRUE	TRUE	FALSE	-100	200443	31	97	TRUE	200443	0.102711999507781	0.703735676261713	753	334	0.0146246299513029	0.58881529728355	91.2412126666962	10	0.00178110547474735	14083000	87
20220530 232124	binary	custom	TRUE	TRUE	FALSE	-100	200443	31	38	TRUE	200443	0.239708912241687	0.88863221275615	63	293	0.0213747104095207	0.0951148237149599	99.9307726193987	7	0.0711478540426944	12917000	88
20220530 232143	binary	custom	TRUE	TRUE	FALSE	-100	200443	31	188	TRUE	200443	0.0633428880094797	0.915895780271779	3982	158	0.017233695359948	0.0203201469123957	68.3121540448728	5	0.185140744819534	13573000	89
20220530 232200	binary	custom	TRUE	TRUE	FALSE	-100	200443	31	121	TRUE	200443	0.0649440376174085	0.885141341391945	3781	152	0.0170550173615223	1.18245096488044	39.7136422639261	7	0.000681678253204333	13123000	90
20220530 232216	binary	custom	TRUE	TRUE	FALSE	-100	200443	31	170	TRUE	200443	0.105938156974386	0.997588803513003	7588	199	0.0178668007156312	0.0482919448752605	78.4832323944487	17	0.167124212957578	13258000	91
20220530 232257	binary	custom	TRUE	TRUE	FALSE	-100	200443	31	314	TRUE	200443	0.0411789003349073	0.385375226549886	6415	774	0.0175844794498735	0.235379107846635	69.299077773172	30	0.195383344687594	13369000	92
20220530 232320	binary	custom	TRUE	TRUE	FALSE	-100	200443	31	157	TRUE	200443	0.102309727649773	0.379578927478954	7544	405	0.0144413904496358	4.03212102460142	11.8359452377712	30	0.00860667158076665	13323000	93
20220530 232330	binary	custom	TRUE	TRUE	FALSE	-100	200443	31	62	TRUE	200443	0.298176881830745	0.829396739657722	7930	44	0.0173034949667041	1.44953102827457	73.4555731846019	15	0.000128474694445483	13083000	94
20220530 232342	binary	custom	TRUE	TRUE	FALSE	-100	200443	31	52	TRUE	200443	0.299833582685071	0.36103976619505	6953	304	0.0183267094246445	0.603742132690183	82.3767611188349	6	0.185042997404831	12787000	95
20220530 232355	binary	custom	TRUE	TRUE	FALSE	-100	200443	31	24	TRUE	200443	0.171717142015081	0.314133416814165	754	1014	0.0130593481349203	0.222027854372206	4.55345817256021	30	1.17561890845466e-05	12776000	96
20220530 232439	binary	custom	TRUE	TRUE	FALSE	-100	200443	31	320	TRUE	200443	0.0265910184148331	0.243293633144847	5896	808	0.0102281365997475	0.209711815765775	0.00560441294402226	29	0.172569925126241	12441000	97
20220530 232505	binary	custom	TRUE	TRUE	FALSE	-100	200443	31	130	TRUE	200443	0.0570354936045254	0.407845485132735	7977	617	0.0186269330079014	0.0122337117575781	3.82486524099359	27	0.16321414776429	12993000	98
20220530 232538	binary	custom	TRUE	TRUE	FALSE	-100	200443	31	264	TRUE	200443	0.0531860981472415	0.243013744580092	4680	238	0.0145073698639588	0.0145793557790873	73.2443420649086	29	0.110073940001018	13686000	99
20220530 232601	binary	custom	TRUE	TRUE	FALSE	-100	200443	31	117	TRUE	200443	0.121558599971302	0.887423076837996	6497	114	0.0154279207833264	0.0614762434789072	99.5706631946165	5	0.0277081697617127	13401000	100
20220530 232624	binary	custom	TRUE	TRUE	FALSE	-100	200443	31	146	TRUE	200443	0.0542596827549286	0.66446098357214	1612	744	0.0160564226797123	0.0217443137693473	75.1674098671858	30	0.170796091131526	13916000	101
20220530 232703	binary	custom	TRUE	TRUE	FALSE	-100	200443	31	239	TRUE	200443	0.041088410147402	0.394138528741809	2586	278	0.01622259999015	0.0808128096813337	43.4107468170695	29	0.194024720584003	13765000	102
20220530 232727	binary	custom	TRUE	TRUE	FALSE	-100	200443	31	182	TRUE	200443	0.0493739446892794	0.697420478176512	1581	927	0.0167977657016845	0.0252351831283721	75.3528462727178	18	0.171111142735473	13774000	103
20220530 232749	binary	custom	TRUE	TRUE	FALSE	-100	200443	31	186	TRUE	200443	0.0668426523901547	0.682708551269908	2468	1015	0.0163000676120205	0.00637684029268205	97.8888871995227	30	0.177392237396461	13737000	104
20220530 232758	binary	custom	TRUE	TRUE	FALSE	-100	200443	31	44	TRUE	200443	0.215665381614537	0.933591022421445	7986	149	0.0168154605861698	1.26783707197067	0.42201961100823	5	0.0437740764777283	13069000	105
20220530 232808	binary	custom	TRUE	TRUE	FALSE	-100	200443	31	65	TRUE	200443	0.256190909553976	0.996325914236456	6885	264	0.0197663347454818	0.16582852388496	92.7780917469509	5	0.017487935580508	13060000	106
20220530 232820	binary	custom	TRUE	TRUE	FALSE	-100	200443	31	62	TRUE	200443	0.130919592066235	0.822547116119236	6494	126	0.0165959490623078	1.69102917929152	4.65932292721046	18	0.191469657710454	12980000	107
20220530 232829	binary	custom	TRUE	TRUE	FALSE	-100	200443	31	51	TRUE	200443	0.286096519468117	0.999862732974813	7035	29	0.0163025870591288	0.340922287775487	59.4463433745492	5	0.155498868887273	13320000	108
20220530 232836	binary	custom	TRUE	TRUE	FALSE	-100	200443	31	34	TRUE	200443	0.29070112296908	0.98066337681747	7909	266	0.0168014035535702	39.3954554008742	74.1124223308143	17	0.0107207006153952	11487000	109
20220530 232846	binary	custom	TRUE	TRUE	FALSE	-100	200443	31	61	TRUE	200443	0.249379493838314	0.715686450422626	7976	17	0.0230138764011026	0.0576635574722799	16.3197431269371	7	0.070493638546343	12287000	110
20220530 232912	binary	custom	TRUE	TRUE	FALSE	-100	200443	31	187	TRUE	200443	0.0617752271664851	0.727859056654464	1600	618	0.0141641410850504	0.118865914178694	91.0179159991139	26	0.0405789746596263	13856000	111
20220530 232941	binary	custom	TRUE	TRUE	FALSE	-100	200443	31	169	TRUE	200443	0.0621397358607001	0.370689774407794	1984	280	0.0142756071853688	0.0260016443450109	78.1071928978507	21	0.118579330883005	14058000	112
20220530 233059	binary	custom	TRUE	TRUE	FALSE	-100	200443	31	642	TRUE	200443	0.0199319389840635	0.259814849366637	1479	313	0.0141790849309847	0.056405466243484	80.2597878147354	29	0.115877537043844	13908000	113
20220530 233111	binary	custom	TRUE	TRUE	FALSE	-100	200443	31	41	TRUE	200443	0.133080614692517	0.997632011574744	1609	897	0.0157133121002735	0.0659467467975173	38.0513278751428	7	0.16915248246929	13687000	114
20220530 233123	binary	custom	TRUE	TRUE	FALSE	-100	200443	31	45	TRUE	200443	0.140457366990559	0.9881401716315	522	500	0.0165474133725499	0.167116604675959	31.6489590206674	8	0.18218473678791	13328000	115
20220530 233134	binary	custom	TRUE	TRUE	FALSE	-100	200443	31	28	TRUE	200443	0.298955616439278	0.446767664633762	3097	32	0.0152338487647018	0.0378381411771905	62.4359276080454	5	0.0496024352123472	13165000	116
20220530 233153	binary	custom	TRUE	TRUE	FALSE	-100	200443	31	121	TRUE	200443	0.14091428324914	0.291948488163544	7999	676	0.014637983582845	0.0589118691314765	54.8605641340838	6	0.0872795513367695	13664000	117
20220530 233202	binary	custom	TRUE	TRUE	FALSE	-100	200443	31	42	TRUE	200443	0.262340110542779	0.924282190530539	7645	997	0.0216843117786556	0.0560518881991276	73.9909708858661	8	0.187178380313177	12509000	118
20220530 233215	binary	custom	TRUE	TRUE	FALSE	-100	200443	31	94	TRUE	200443	0.102107613031138	0.91385284912186	6826	633	0.0163620646278128	0.0301299345180036	32.631662780421	5	0.133060350587758	12688000	119
20220530 233241	binary	custom	TRUE	TRUE	FALSE	-100	200443	31	194	TRUE	200443	0.0948049754186595	0.760102762211841	964	830	0.0142243640538845	0.0190227368422054	97.5789315696477	15	0.0477206945281282	13637000	120
20220530 233256	binary	custom	TRUE	TRUE	FALSE	-100	200443	31	62	TRUE	200443	0.193911915119493	0.472275898256867	1746	991	0.0156936009301869	0.353935316615578	66.6696136486731	5	0.194329408299743	13600000	121
20220530 233319	binary	custom	TRUE	TRUE	FALSE	-100	200443	31	127	TRUE	200443	0.0631050855711195	0.622852842025995	1388	167	0.0147233419648794	0.0870758927101444	58.969539729603	30	0.16099000478333	13717000	122
20220530 233330	binary	custom	TRUE	TRUE	FALSE	-100	200443	31	26	TRUE	200443	0.246767769663407	0.374194690019812	7831	894	0.0138810665538072	0.0919915387273225	1.29824706951982	5	0.00669842208748105	12586000	123
20220530 233340	binary	custom	TRUE	TRUE	FALSE	-100	200443	31	32	TRUE	200443	0.295386212248356	0.966399586026784	1599	182	0.0147580770405729	0.131335866121001	58.3850051383577	8	0.000339448808981675	13201000	124
20220530 233350	binary	custom	TRUE	TRUE	FALSE	-100	200443	31	63	TRUE	200443	0.22670012935448	0.994900873223879	1998	20	0.0171474342814258	0.408799449971511	85.9681820864789	5	0.13628811166609	13717000	125
20220530 233419	binary	custom	TRUE	TRUE	FALSE	-100	200443	31	177	TRUE	200443	0.0337514338330452	0.687846491494461	2301	993	0.0143118815123235	0.0258176427213353	20.9915176330809	30	0.00805833248094832	13818000	126
20220530 233540	binary	custom	TRUE	TRUE	FALSE	-100	200443	31	461	TRUE	200443	0.0100294128602559	0.778026106995507	1544	1024	0.0106987229136666	0.0215372515839754	16.6684683625523	30	0.00135262250914952	13511000	127
20220530 233657	binary	custom	TRUE	TRUE	FALSE	-100	200443	31	692	TRUE	200443	0.0251712170405155	0.340279758757816	1698	1014	0.0141699831467058	1.41973784793999	77.9103663917234	6	0.136703564921895	14107000	128
20220530 233719	binary	custom	TRUE	TRUE	FALSE	-100	200443	31	92	TRUE	200443	0.103682367980575	0.406105731445085	7984	23	0.0162759348748267	14.4447020732532	17.4720021842134	10	0.0924920627697156	12808000	129
20220530 233740	binary	custom	TRUE	TRUE	FALSE	-100	200443	31	88	TRUE	200443	0.035507290410247	0.236351923913751	1787	193	0.00929431730718273	99.914634593889	99.9220464801451	5	0.0471156158272414	11722000	130
20220530 233749	binary	custom	TRUE	TRUE	FALSE	-100	200443	31	14	TRUE	200443	0.290609569952638	0.997989518748267	2860	994	0.0390135316741529	0.122139260289749	3.19357172961515	9	0.199737203659008	8554000	131
20220530 233844	binary	custom	TRUE	TRUE	FALSE	-100	200443	31	446	TRUE	200443	0.0376242585792963	0.299623841555841	1772	966	0.0140183356992362	0.0550620921767349	76.1612955445593	14	0.122987549695626	13875000	132
20220530 233924	binary	custom	TRUE	TRUE	FALSE	-100	200443	31	243	TRUE	200443	0.0352645570785823	0.373820445619885	2582	776	0.0144050393187925	0.000942939927514838	62.0634435116816	30	0.135818649850521	13794000	133
20220530 233951	binary	custom	TRUE	TRUE	FALSE	-100	200443	31	165	TRUE	200443	0.0644260808224272	0.395612160340558	1061	931	0.0144628056145772	0.730265531387143	78.2224696623968	5	0.145699682444159	14052000	134
20220530 234019	binary	custom	TRUE	TRUE	FALSE	-100	200443	31	176	TRUE	200443	0.0564472565813515	0.366006563496839	1899	1021	0.0130841166385951	0.171027899704747	56.701497446642	5	0.0649654164346227	13865000	135
20220530 234038	binary	custom	TRUE	TRUE	FALSE	-100	200443	31	52	TRUE	200443	0.0742510882422699	0.463477411826709	1568	426	0.0152409189565721	0.110650653117633	23.3839813452821	27	0.164384140846584	13497000	136
20220530 234158	binary	custom	TRUE	TRUE	FALSE	-100	200443	31	626	TRUE	200443	0.0163356098602613	0.369786599738299	1316	988	0.0125086384133706	0.183458904345392	78.4832442584778	5	0.0749629545247086	13779000	137
20220530 234222	binary	custom	TRUE	TRUE	FALSE	-100	200443	31	119	TRUE	200443	0.0586450415934101	0.53196855058206	2248	1024	0.0141365376975241	10.0774581674931	0.0825726860098156	30	0.0788250233709363	13700000	138
20220530 234237	binary	custom	TRUE	TRUE	FALSE	-100	200443	31	85	TRUE	200443	0.187784401632453	0.30521980667941	7703	310	0.0169671220362298	0.0647756970931396	92.2082423693209	7	0.0181753121091864	13197000	139
20220530 234250	binary	custom	TRUE	TRUE	FALSE	-100	200443	31	28	TRUE	200443	0.0544296398071209	0.20711946252215	3075	1024	0.00848185500085759	94.1506373106097	53.6150651753531	5	0.172510150939513	11171000	140
20220530 234347	binary	custom	TRUE	TRUE	FALSE	-100	200443	31	445	TRUE	200443	0.032100944286178	0.363886929523072	1949	341	0.0143232339110398	0.0506346254183798	94.3008799102984	22	0.113472776819528	14016000	141
20220530 234424	binary	custom	TRUE	TRUE	FALSE	-100	200443	31	242	TRUE	200443	0.0480472724532714	0.384125226662721	1722	363	0.0138634911957431	0.871283615705131	88.8188792446658	29	0.111698752314449	13939000	142
20220530 234451	binary	custom	TRUE	TRUE	FALSE	-100	200443	31	227	TRUE	200443	0.0750230548630478	0.207860380335095	2032	269	0.0143843406108187	0.0304052756391604	78.9749427435328	6	0.14956078366898	13501000	143
20220530 234503	binary	custom	TRUE	TRUE	FALSE	-100	200443	31	65	TRUE	200443	0.139799957573811	0.9991309793464	497	681	0.0170312508158963	0.239866609393026	89.3246718421588	5	0.185086915961751	13539000	144
20220530 234523	binary	custom	TRUE	TRUE	FALSE	-100	200443	31	35	TRUE	200443	0.225720897757463	0.997149324504915	2562	16	0.0180904954717629	0.0803708992329292	74.8166080296578	9	0.0745611869064014	13257000	145
20220530 234530	binary	custom	TRUE	TRUE	FALSE	-100	200443	31	26	TRUE	200443	0.282958720404574	0.747381339206314	14	101	0.0165449410878635	15.023343358587	77.0806653836252	5	0.156606255582402	12787000	146
20220530 234601	binary	custom	TRUE	TRUE	FALSE	-100	200443	31	225	TRUE	200443	0.0660602032898721	0.325900536363428	1849	995	0.0142262069372215	0.643648948351349	96.7941071089951	8	0.153232129604347	14066000	147
20220530 234640	binary	custom	TRUE	TRUE	FALSE	-100	200443	31	315	TRUE	200443	0.0704564502955825	0.401211962909319	3027	986	0.0116698985483587	4.48758015114307	97.9069296488184	27	0.0271731783576495	13300000	148
20220530 234653	binary	custom	TRUE	TRUE	FALSE	-100	200443	31	93	TRUE	200443	0.230886670763609	0.759009621778841	7956	495	0.0211956657132596	0.0317938261419823	71.4094620194571	30	0.189712055424176	12108000	149
20220530 234731	binary	custom	TRUE	TRUE	FALSE	-100	200443	31	320	TRUE	200443	0.0370867513023802	0.959819948823354	272	535	0.0148336504480468	0.128951454863297	99.4812455984697	7	0.0141672748195236	13857000	150
20220530 234755	binary	custom	TRUE	TRUE	FALSE	-100	200443	31	180	TRUE	200443	0.0927914621491485	0.902428800398035	1732	999	0.0148386450926246	0.243447050054165	97.842458264119	5	0.00527579011109945	13697000	151
20220530 234824	binary	custom	TRUE	TRUE	FALSE	-100	200443	31	160	TRUE	200443	0.0646156770189507	0.395636771654968	2752	635	0.0144671142091895	0.13899661010958	81.3790186815754	9	0.119095215402372	13869000	152
20220530 234850	binary	custom	TRUE	TRUE	FALSE	-100	200443	31	55	TRUE	200443	0.0320788993101686	0.6550507932637	1001	1024	0.0144959424226931	0.0778561890595903	0.410967750744292	17	0.172741069609173	13657000	153
20220530 234927	binary	custom	TRUE	TRUE	FALSE	-100	200443	31	234	TRUE	200443	0.0438942719169011	0.440686173080777	1334	996	0.0145648611386611	0.59365566296864	73.713755483181	7	0.188008489892813	14108000	154
20220530 235017	binary	custom	TRUE	TRUE	FALSE	-100	200443	31	331	TRUE	200443	0.0312244383885892	0.453110799652571	1488	995	0.0143941260511968	0.136141097057727	84.5246046034413	6	0.151826098468746	13918000	155
20220530 235041	binary	custom	TRUE	TRUE	FALSE	-100	200443	31	119	TRUE	200443	0.0676279283267136	0.387267758400005	1654	1021	0.0143987430825012	2.71326791634948	37.7125355194171	6	0.149632412185199	13874000	156
20220530 235244	binary	custom	TRUE	TRUE	FALSE	-100	200443	31	894	TRUE	200443	0.0133817191954876	0.377506432840904	1747	461	0.014273506750243	0.0467595725889228	71.0917680152145	11	0.196856718102463	13859000	157
20220530 235306	binary	custom	TRUE	TRUE	FALSE	-100	200443	31	141	TRUE	200443	0.0584618298043213	0.744056815268192	1224	277	0.0157423329791144	0.00927056135740381	74.4854651605095	19	0.195982216076683	13878000	158
20220530 235510	binary	custom	TRUE	TRUE	FALSE	-100	200443	31	999	TRUE	200443	0.0134882256138655	0.393192939151408	1640	180	0.0142120934798157	0.813989359393992	73.6453247280399	23	0.142737960674106	14019000	159
20220530 235711	binary	custom	TRUE	TRUE	FALSE	-100	200443	31	927	TRUE	200443	0.0144737704140429	0.391687338751559	1724	308	0.0146670585933835	1.36231864054961	75.0773366489965	25	0.154791065109096	14105000	160
20220530 235729	binary	custom	TRUE	TRUE	FALSE	-100	200443	31	132	TRUE	200443	0.184323288686621	0.286153622450798	7098	1014	0.0142261393898827	1.65497513418301	67.1871493070646	5	0.181330167449488	13347000	161
20220530 235810	binary	custom	TRUE	TRUE	FALSE	-100	200443	31	262	TRUE	200443	0.036513202912487	0.390930168238576	1968	299	0.0143686480782993	1.05176865993118	74.5201552167135	25	0.141849744574363	13955000	162
20220530 235848	binary	custom	TRUE	TRUE	FALSE	-100	200443	31	241	TRUE	200443	0.0669946798993419	0.356121547536751	1184	991	0.0148010999795127	3.18569431702862	73.9850026249573	8	0.184120671065896	13853000	163
20220530 235913	binary	custom	TRUE	TRUE	FALSE	-100	200443	31	135	TRUE	200443	0.0888697318882262	0.386807679335946	1281	571	0.0145105337743284	0.0101797472473982	97.2612358987902	30	0.0223252845138982	13917000	164
20220531 000114	binary	custom	TRUE	TRUE	FALSE	-100	200443	31	915	TRUE	200443	0.0102944798163797	0.36087055564008	2450	376	0.0142178204315995	0.275656944174104	71.3621306349811	20	0.175125086206711	13972000	165
20220531 000220	binary	custom	TRUE	TRUE	FALSE	-100	200443	31	423	TRUE	200443	0.0179381276358219	0.401646667821284	1397	280	0.017080684384527	0.761925316901018	77.2854518556006	24	0.172142088068677	13381000	166
20220531 000319	binary	custom	TRUE	TRUE	FALSE	-100	200443	31	620	TRUE	200443	0.0229651143491655	0.918142945514407	1447	284	0.0149905012694661	0.0496063435711123	97.9999189491647	30	0.189409317472126	13699000	167
20220531 000339	binary	custom	TRUE	TRUE	FALSE	-100	200443	31	161	TRUE	200443	0.0696593736849149	0.792964017900198	10	549	0.0148715647748031	0.392608650406922	74.6127093722871	5	0.0111778611630978	13757000	168
20220531 000400	binary	custom	TRUE	TRUE	FALSE	-100	200443	31	147	TRUE	200443	0.0542364632561597	0.985649651447672	580	1024	0.0191919166855723	0.461631030081213	76.576324907327	6	0.0289489026635708	13130000	169
20220531 000454	binary	custom	TRUE	TRUE	FALSE	-100	200443	31	423	TRUE	200443	0.0111986773148276	0.622226530867594	531	487	0.0148683130896175	20.1546559467263	66.3666733866397	30	0.19569047136023	12677000	170
20220531 000610	binary	custom	TRUE	TRUE	FALSE	-100	200443	31	216	TRUE	200443	0.0104759978891631	0.369163227557084	1660	700	0.0142008955831611	0.629236746496438	4.98159791544354	27	0.00332215781518495	13650000	171
20220531 000805	binary	custom	TRUE	TRUE	FALSE	-100	200443	31	641	TRUE	200443	0.0102854423995404	0.398360119559075	1250	382	0.0114094731654578	0.555298927102441	18.9164430929535	20	0.000685176993125285	13693000	172
20220531 000817	binary	custom	TRUE	TRUE	FALSE	-100	200443	31	69	TRUE	200443	0.110734676646987	0.993530749143469	7987	30	0.0104983986528467	0.324822617859106	25.0511404692676	6	0.172353757803506	12197000	173
20220531 000839	binary	custom	TRUE	TRUE	FALSE	-100	200443	31	101	TRUE	200443	0.274109873662025	0.290711664292021	6363	967	0.0146784149970643	0.0125190840259327	99.9331841355257	19	0.0969344539233729	13249000	174
20220531 000937	binary	custom	TRUE	TRUE	FALSE	-100	200443	31	123	TRUE	200443	0.0104975498917597	0.300771197470759	1965	831	0.0083579124506938	1.42674919001362	0.558622671500161	21	0.0898623881764822	12171000	175
20220531 001002	binary	custom	TRUE	TRUE	FALSE	-100	200443	31	118	TRUE	200443	0.0628761693763361	0.408817806675285	1548	137	0.0143937939601915	0.39463987641569	58.1747067009373	16	0.112861686880734	14095000	176
20220531 001036	binary	custom	TRUE	TRUE	FALSE	-100	200443	31	233	TRUE	200443	0.0633901804126785	0.358597007529519	1548	107	0.0117225701716078	1.16215097715079	57.29685390077	15	0.122139794725191	13458000	177
20220531 001054	binary	custom	TRUE	TRUE	FALSE	-100	200443	31	81	TRUE	200443	0.107645821023499	0.371801219819476	3919	818	0.015431919481855	0.533033427468267	44.2042839625436	30	0.187216719422851	13583000	178
20220531 001124	binary	custom	TRUE	TRUE	FALSE	-100	200443	31	255	TRUE	200443	0.0701167045415177	0.238113813692811	5604	1020	0.0148215213882581	3.46340286129719	99.790305048563	7	0.0152677239027556	13734000	179
20220531 001133	binary	custom	TRUE	TRUE	FALSE	-100	200443	31	20	TRUE	200443	0.185211819609647	0.252585653383281	4643	670	0.0140214921684639	53.4904594473868	99.8035749744448	5	0.0967748744424511	11591000	180
20220531 001201	binary	custom	TRUE	TRUE	FALSE	-100	200443	31	163	TRUE	200443	0.112933703172847	0.353410275870038	7971	1002	0.0202500326050031	1.75958090318857	98.0380404557006	5	0.00243528769808968	12818000	181
20220531 001225	binary	custom	TRUE	TRUE	FALSE	-100	200443	31	77	TRUE	200443	0.29948071402576	0.390280337802064	7944	188	0.0266072155474443	7.44341823771475	97.0591662716134	7	0.0089419446895314	11343000	182
20220531 001232	binary	custom	TRUE	TRUE	FALSE	-100	200443	31	26	TRUE	200443	0.28385165511641	0.98178469167612	1359	1024	0.0224091258079892	26.9752051565854	98.1093817468021	5	0.0843432820682852	11974000	183
20220531 001252	binary	custom	TRUE	TRUE	FALSE	-100	200443	31	131	TRUE	200443	0.0755424586483471	0.842998333918374	1338	860	0.0147185007382135	0.0334645846329671	80.0748646580259	23	0.114299106438296	13943000	184
20220531 001354	binary	custom	TRUE	TRUE	FALSE	-100	200443	31	494	TRUE	200443	0.0110881196100831	0.231573843472146	7439	168	0.00977612844537347	99.1049370243444	38.2694628682804	17	0.197450076804083	11581000	185
20220531 001413	binary	custom	TRUE	TRUE	FALSE	-100	200443	31	121	TRUE	200443	0.111870541813111	0.679002621908545	7979	977	0.0189483968057515	0.469517336996481	61.4884020972044	20	0.113751543275028	13140000	186
20220531 001433	binary	custom	TRUE	TRUE	FALSE	-100	200443	31	177	TRUE	200443	0.0626642358992024	0.873341125206203	553	965	0.019920090213992	6.27184147916122	96.6844456396542	29	0.111113461767454	13220000	187
20220531 001449	binary	custom	TRUE	TRUE	FALSE	-100	200443	31	90	TRUE	200443	0.127119997392269	0.709938849387462	1231	971	0.0153664266192109	0.182062969767872	76.7619222800718	28	0.0861080104631372	13921000	188
20220531 001511	binary	custom	TRUE	TRUE	FALSE	-100	200443	31	147	TRUE	200443	0.0682559151362822	0.688568494603061	1085	541	0.0149503006966746	0.146220051851904	76.397064874655	29	0.0952923866195674	13834000	189
20220531 001528	binary	custom	TRUE	TRUE	FALSE	-100	200443	31	112	TRUE	200443	0.0709197130972215	0.668140271445773	1627	239	0.0146071289704816	0.750751900070648	45.0501415919112	7	0.0914605620159746	13801000	190
20220531 001549	binary	custom	TRUE	TRUE	FALSE	-100	200443	31	128	TRUE	200443	0.106475987752412	0.73603605749305	386	923	0.0147954051916841	0.618019308383336	99.4610142164662	26	0.100432474644802	13689000	191
20220531 001558	binary	custom	TRUE	TRUE	FALSE	-100	200443	31	11	TRUE	200443	0.294277087071921	0.842836683701103	1698	1021	0.016771381691912	0.098463985460555	56.4883005809884	20	0.157329780365424	12624000	192
20220531 001627	binary	custom	TRUE	TRUE	FALSE	-100	200443	31	220	TRUE	200443	0.11249658600041	0.372832869854901	5719	998	0.016006154419745	1.1808325263334	84.6051099529469	30	0.108638305267381	13487000	193
20220531 001640	binary	custom	TRUE	TRUE	FALSE	-100	200443	31	22	TRUE	200443	0.200770498013589	0.36841761744783	1793	82	0.0155547326095739	0.347611516676575	14.105554763656	30	0.00585001958682808	12786000	194
20220531 001717	binary	custom	TRUE	TRUE	FALSE	-100	200443	31	424	TRUE	200443	0.0131539860916594	0.745865123976125	2800	1019	0.0145315701239044	26.5706832101147	3.62387194744446	30	0.0232971093595866	12105000	195
20220531 001747	binary	custom	TRUE	TRUE	FALSE	-100	200443	31	206	TRUE	200443	0.0111585526609752	0.962745347641461	454	368	0.00840545790426771	97.1481259979412	96.3006591051382	16	0.191317073123784	10990000	196
20220531 001806	binary	custom	TRUE	TRUE	FALSE	-100	200443	31	85	TRUE	200443	0.152045455600821	0.447596286791408	3196	993	0.0199404038564856	0.440069401690652	70.4214329383089	30	0.166642076044897	12757000	197
20220531 001847	binary	custom	TRUE	TRUE	FALSE	-100	200443	31	251	TRUE	200443	0.0292830167658171	0.622038831806723	3259	926	0.0147104832169858	0.285821291820703	29.9009844831999	23	0.190943295987008	13425000	198
20220531 001928	binary	custom	TRUE	TRUE	FALSE	-100	200443	31	211	TRUE	200443	0.0117869363897422	0.94121206524347	203	31	0.0145126940729833	44.2961181395318	71.2439639537114	8	6.35512696292177e-05	12110000	199
20220531 001953	binary	custom	TRUE	TRUE	FALSE	-100	200443	31	225	TRUE	200443	0.0475384522891611	0.993161475962835	3	924	0.0297108670035058	0.0533333489928057	99.5782425063093	5	0.0412132594425154	11356000	200
20220531 002002	binary	custom	TRUE	TRUE	FALSE	-100	200443	31	12	TRUE	200443	0.298973310267853	0.276617440258309	7899	190	0.00836733259121248	99.9657934071372	11.0005717630741	11	0.0173579674978245	10020000	201
20220531 002015	binary	custom	TRUE	TRUE	FALSE	-100	200443	31	33	TRUE	200443	0.118436729772473	0.396208118672114	7959	1024	0.0199773472714363	99.9398585965666	1.06860050545703	5	0.0942389126803599	10129000	202
20220531 002059	binary	custom	TRUE	TRUE	FALSE	-100	200443	31	303	TRUE	200443	0.0598534992690946	0.883702599951202	1229	670	0.0111136155585648	0.15227841229757	72.9054433368663	17	0.133625345905105	13417000	203
20220531 002120	binary	custom	TRUE	TRUE	FALSE	-100	200443	31	126	TRUE	200443	0.0798450691305542	0.627040059067202	1589	615	0.0144132850858679	0.776752860287297	77.1799525148681	18	0.09774401850219	13862000	204
20220531 002137	binary	custom	TRUE	TRUE	FALSE	-100	200443	31	87	TRUE	200443	0.245362749273892	0.368513581412749	7780	279	0.0151718261468388	0.314530863605524	51.5690469684201	16	0.105528710288469	13067000	205
20220531 002150	binary	custom	TRUE	TRUE	FALSE	-100	200443	31	38	TRUE	200443	0.244592731624645	0.441266526674239	7961	875	0.0186842141345576	0.01537767121058	52.6032149383814	5	0.198140059956253	12668000	206
