fecha	gamma	alpha	lambda	subsample	tree_method	grow_policy	max_bin	max_depth	scale_pos_weight	eta	colsample_bytree	min_child_weight	max_leaves	prob_corte	nrounds	ganancia	iteracion
20220530 152810	0	0	0	1	hist	lossguide	256	0	1	0.210655973368906	0.491050431597978	8	909	0.0175777744860776	7	11602000	1
20220530 152841	0	0	0	1	hist	lossguide	256	0	1	0.179421673782868	0.459620914515108	5	809	0.0231452891166555	8	9720000	2
20220530 152907	0	0	0	1	hist	lossguide	256	0	1	0.27387291355338	0.437154869046062	7	1123	0.0351940077831387	10	8841000	3
20220530 152942	0	0	0	1	hist	lossguide	256	0	1	0.115992063254118	0.959539914596826	7	1638	0.0300265118018918	17	10247000	4
20220530 153019	0	0	0	1	hist	lossguide	256	0	1	0.13688287666929	0.235189785286784	3	1287	0.0218941866260138	10	10003000	5
20220530 153107	0	0	0	1	hist	lossguide	256	0	1	0.072847330752993	0.703227831861004	6	423	0.0288689522062972	33	9324000	6
20220530 153138	0	0	0	1	hist	lossguide	256	0	1	0.246018794933683	0.740365983797237	2	928	0.0368250077818326	3	7028000	7
20220530 153204	0	0	0	1	hist	lossguide	256	0	1	0.187204041676945	0.656732839951292	8	214	0.0125049896562511	5	11374000	8
20220530 153234	0	0	0	1	hist	lossguide	256	0	1	0.230220992723131	0.978257150212303	5	1685	0.0409219692068291	15	7863000	9
20220530 153642	0	0	0	1	hist	lossguide	256	0	1	0.0122993459908757	0.780975098200142	2	408	0.0499182323726321	135	4231000	10
20220530 153737	0	0	0	1	hist	lossguide	256	0	1	0.0591376286670566	0.615273081660271	6	1440	0.0120808478439964	34	12431000	11
20220530 153805	0	0	0	1	hist	lossguide	256	0	1	0.264048314822721	0.534973273398355	3	1932	0.0435138744830814	2	7410000	12
20220530 153833	0	0	0	1	hist	lossguide	256	0	1	0.299076387834502	0.397275494420901	4	541	0.0263242307051163	9	8975000	13
20220530 154209	0	0	0	1	hist	lossguide	256	0	1	0.0451406043309253	0.31680500744842	0	1128	0.0465976061590482	2	508000	14
20220530 154237	0	0	0	1	hist	lossguide	256	0	1	0.222713639307884	0.87456555057317	9	1392	0.00967484069551574	18	12077000	15
20220530 154320	0	0	0	1	hist	lossguide	256	0	1	0.0836987519327085	0.568813903238624	10	71	0.0445966290659271	47	7790000	16
20220530 154444	0	0	0	1	hist	lossguide	256	0	1	0.0337563400012441	0.271083189863712	4	623	0.0158729000080105	59	12209000	17
20220530 154537	0	0	0	1	hist	lossguide	256	0	1	0.098606804056908	0.802567691775039	1	1956	0.0193609242526388	9	7189000	18
20220530 154607	0	0	0	1	hist	lossguide	256	0	1	0.160947924149455	0.322036751778796	9	1838	0.0381648143957136	23	8561000	19
20220530 154701	0	0	0	1	hist	lossguide	256	0	1	0.142721317757037	0.883494828119874	0	179	0.0327080337199732	2	693000	20
20220530 154947	0	0	0	1	hist	lossguide	256	0	1	0.0104752172562344	0.359745991445993	7	1051	0.00834364127879841	56	12450000	21
20220530 155308	0	0	0	1	hist	lossguide	256	0	1	0.0100734469512634	0.652663672231429	4	1171	0.00835792793886698	55	12464000	22
20220530 155615	0	0	0	1	hist	lossguide	256	0	1	0.0105162561287964	0.200067312969953	4	1170	0.00835851589396301	49	12531000	23
20220530 155715	0	0	0	1	hist	lossguide	256	0	1	0.0368710889316749	0.776489888520046	8	1677	0.00840167505174287	12	11929000	24
20220530 160033	0	0	0	1	hist	lossguide	256	0	1	0.0104890258860138	0.287154833916027	4	632	0.00834405422242036	51	12611000	25
20220530 160116	0	0	0	1	hist	lossguide	256	0	1	0.0708347137788421	0.924448615550789	7	1119	0.00834933873980501	12	11531000	26
20220530 160228	0	0	0	1	hist	lossguide	256	0	1	0.0319482411718404	0.262281794435533	9	637	0.00833750039906615	27	12002000	27
20220530 160522	0	0	0	1	hist	lossguide	256	0	1	0.010251977594669	0.263000754024772	6	1494	0.0083805226689255	41	12411000	28
20220530 160556	0	0	0	1	hist	lossguide	256	0	1	0.110452192956194	0.41957514033666	8	1355	0.00837372403238724	13	11738000	29
20220530 161223	0	0	0	1	hist	lossguide	256	0	1	0.0101225220657473	0.201430164995516	6	727	0.0116649974574632	843	12839000	30
20220530 161602	0	0	0	1	hist	lossguide	256	0	1	0.010165964018727	0.732872726882389	10	1280	0.0150453486307257	282	13373000	31
20220530 161937	0	0	0	1	hist	lossguide	256	0	1	0.0105416863613486	0.997171386064276	10	1388	0.016499654354167	290	13115000	32
20220530 162255	0	0	0	1	hist	lossguide	256	0	1	0.0100164173108694	0.699479045972035	10	2048	0.0157930856675954	233	13202000	33
20220530 162613	0	0	0	1	hist	lossguide	256	0	1	0.0100437899426416	0.645275679184997	10	1555	0.0154695553058248	215	13247000	34
20220530 162647	0	0	0	1	hist	lossguide	256	0	1	0.110057547093123	0.826173406709077	10	1838	0.0148649770108549	21	13032000	35
20220530 163120	0	0	0	1	hist	lossguide	256	0	1	0.0100938674296853	0.724639287169067	9	1238	0.0159131967326781	508	13035000	36
20220530 163500	0	0	0	1	hist	lossguide	256	0	1	0.0101727569575373	0.767983358885569	10	829	0.0147003295598679	301	13380000	37
20220530 163532	0	0	0	1	hist	lossguide	256	0	1	0.299989447851201	0.800091564052925	10	1020	0.0156305240944281	15	11786000	38
20220530 163837	0	0	0	1	hist	lossguide	256	0	1	0.0101826236739991	0.751950859852883	10	1012	0.0128403639564771	179	13503000	39
20220530 164206	0	0	0	1	hist	lossguide	256	0	1	0.010064337511681	0.840595884807491	10	1837	0.0119902477584281	261	13280000	40
20220530 164535	0	0	0	1	hist	lossguide	256	0	1	0.0100371602521274	0.621632055782107	10	979	0.0128375358709563	290	13487000	41
20220530 164834	0	0	0	1	hist	lossguide	256	0	1	0.0100470146704205	0.693649713272544	10	941	0.0115519001017164	140	13190000	42
20220530 165313	0	0	0	1	hist	lossguide	256	0	1	0.0103612895815728	0.253362238511456	10	1047	0.0138236561958541	640	13251000	43
20220530 165342	0	0	0	1	hist	lossguide	256	0	1	0.299983573988353	0.542893132740231	4	2048	0.00951508802562595	11	10458000	44
20220530 165641	0	0	0	1	hist	lossguide	256	0	1	0.0109113985533047	0.463183935085071	10	2046	0.0132414898840393	218	13350000	45
20220530 165948	0	0	0	1	hist	lossguide	256	0	1	0.0103117502674017	0.559891512469171	10	1070	0.0136887070985457	196	13544000	46
20220530 170305	0	0	0	1	hist	lossguide	256	0	1	0.0101723676339196	0.8957954792391	10	1080	0.0136298739713369	221	13621000	47
20220530 170644	0	0	0	1	hist	lossguide	256	0	1	0.0106123165339098	0.294480927203462	7	2041	0.0141447169016675	305	13107000	48
20220530 170722	0	0	0	1	hist	lossguide	256	0	1	0.081719695601456	0.962262406832947	10	1023	0.0134629770172584	19	12449000	49
20220530 170754	0	0	0	1	hist	lossguide	256	0	1	0.2007556917919	0.284347337272273	10	2048	0.0133853194054041	13	11936000	50
20220530 170824	0	0	0	1	hist	lossguide	256	0	1	0.164815924802773	0.97667087979127	8	2047	0.0142511684673463	13	11686000	51
20220530 171204	0	0	0	1	hist	lossguide	256	0	1	0.0101592201795302	0.98547545063746	6	1817	0.0138001580360394	183	12772000	52
20220530 171553	0	0	0	1	hist	lossguide	256	0	1	0.0101889276064503	0.392118879655174	5	1992	0.0135350972317406	231	12896000	53
20220530 171921	0	0	0	1	hist	lossguide	256	0	1	0.0102721916982202	0.431406192496248	10	56	0.0134318243785144	273	13303000	54
20220530 172008	0	0	0	1	hist	lossguide	256	0	1	0.100712306265708	0.22791294364184	10	2048	0.0210677438773678	49	12192000	55
20220530 172033	0	0	0	1	hist	lossguide	256	0	1	0.239124279618124	0.906907316358602	10	2048	0.022540442096312	9	11171000	56
20220530 172318	0	0	0	1	hist	lossguide	256	0	1	0.0100996188521084	0.970137304723053	7	9	0.0133787772891969	425	13123000	57
20220530 172548	0	0	0	1	hist	lossguide	256	0	1	0.0100602089907276	0.303882426204493	7	8	0.0135559937474565	388	13522000	58
20220530 173009	0	0	0	1	hist	lossguide	256	0	1	0.0101621991652232	0.456226330557298	6	3	0.013387817898797	1594	13398000	59
20220530 173409	0	0	0	1	hist	lossguide	256	0	1	0.0100651146337946	0.902846096066732	10	2042	0.0278099404916654	364	11256000	60
20220530 173750	0	0	0	1	hist	lossguide	256	0	1	0.0100411653424652	0.538951236636242	7	217	0.0136101186577583	209	13311000	61
20220530 173809	0	0	0	1	hist	lossguide	256	0	1	0.279866897140638	0.200282472402465	10	4	0.00833619962453663	31	11675000	62
20220530 173844	0	0	0	1	hist	lossguide	256	0	1	0.236455422899313	0.205798025761372	3	107	0.00833734886477397	23	9394000	63
20220530 174214	0	0	0	1	hist	lossguide	256	0	1	0.0102406569162898	0.965959139034782	10	4	0.013536430255068	930	13287000	64
20220530 174253	0	0	0	1	hist	lossguide	256	0	1	0.140880454487353	0.551831042138744	10	1267	0.0140477425382181	25	12735000	65
20220530 174700	0	0	0	1	hist	lossguide	256	0	1	0.0102764824517255	0.2399582653698	7	2	0.0184791579052827	1632	13194000	66
20220530 174745	0	0	0	1	hist	lossguide	256	0	1	0.0902930744203285	0.234049029681676	6	2045	0.0148854792169506	32	11459000	67
20220530 174906	0	0	0	1	hist	lossguide	256	0	1	0.030873653795201	0.857353864110495	10	1975	0.0136563423966356	79	13143000	68
20220530 175457	0	0	0	1	hist	lossguide	256	0	1	0.0100633208408737	0.289922886564187	5	5	0.0133706653807617	1999	13863000	69
20220530 175528	0	0	0	1	hist	lossguide	256	0	1	0.299927232857589	0.564922387769379	10	2009	0.00836863852303072	14	10829000	70
20220530 175608	0	0	0	1	hist	lossguide	256	0	1	0.252349972053535	0.998708815154161	10	2	0.0186670042575963	234	13014000	71
20220530 175639	0	0	0	1	hist	lossguide	256	0	1	0.266182494225276	0.999492971531565	10	2	0.00839009322083013	160	10829000	72
20220530 175703	0	0	0	1	hist	lossguide	256	0	1	0.237838450992132	0.202106872978282	10	12	0.0206798639604833	31	11738000	73
20220530 180055	0	0	0	1	hist	lossguide	256	0	1	0.0102628795958069	0.204868147405528	5	3	0.0128233308885672	1283	12877000	74
20220530 180526	0	0	0	1	hist	lossguide	256	0	1	0.0101556328900607	0.310967139322255	5	1181	0.0162850102357425	348	12834000	75
20220530 180934	0	0	0	1	hist	lossguide	256	0	1	0.0100829769795287	0.891102436067473	10	3	0.0194172392228399	1385	12922000	76
20220530 181340	0	0	0	1	hist	lossguide	256	0	1	0.0100938282735381	0.324722135574666	10	310	0.020058673222277	472	13010000	77
20220530 181727	0	0	0	1	hist	lossguide	256	0	1	0.0100062138158636	0.311685863946788	3	1116	0.0118028492218975	104	13116000	78
20220530 182119	0	0	0	1	hist	lossguide	256	0	1	0.0101297660736934	0.315947927949592	5	467	0.0141561817942969	224	13421000	79
20220530 182141	0	0	0	1	hist	lossguide	256	0	1	0.299978315974501	0.998188335178338	10	6	0.0276748389130225	40	10964000	80
20220530 182531	0	0	0	1	hist	lossguide	256	0	1	0.0100202273492011	0.312104770530394	7	5	0.0225691434451305	1132	12806000	81
20220530 182818	0	0	0	1	hist	lossguide	256	0	1	0.0101731090677987	0.811494207459131	5	22	0.0131596984628951	240	12984000	82
20220530 183145	0	0	0	1	hist	lossguide	256	0	1	0.0100434833002266	0.332524797274322	5	16	0.0146156344260489	554	13500000	83
20220530 183220	0	0	0	1	hist	lossguide	256	0	1	0.112000010630371	0.299860062220829	10	7	0.0183508405605964	102	12561000	84
20220530 183605	0	0	0	1	hist	lossguide	256	0	1	0.0101106866171006	0.238870243492742	8	2043	0.0258450403442657	316	11944000	85
20220530 183939	0	0	0	1	hist	lossguide	256	0	1	0.010173327429071	0.826682843862926	10	1726	0.0183133855616384	260	12760000	86
20220530 184405	0	0	0	1	hist	lossguide	256	0	1	0.0100921753370422	0.286479086022395	5	1057	0.0124563303235033	340	13420000	87
20220530 184440	0	0	0	1	hist	lossguide	256	0	1	0.246414222407781	0.764229991875522	10	2	0.0192687167174189	203	13060000	88
20220530 184507	0	0	0	1	hist	lossguide	256	0	1	0.194414779829961	0.88209557509768	10	2	0.0176233320663246	120	12809000	89
20220530 184540	0	0	0	1	hist	lossguide	256	0	1	0.134876482514082	0.60000006570915	10	2048	0.0277823102616852	21	10452000	90
20220530 191132	0	0	0	1	hist	lossguide	256	0	1	0.0105219531149744	0.350451897595317	0	1907	0.00835556522281117	314	203000	91
20220530 191525	0	0	0	1	hist	lossguide	256	0	1	0.0100584270235096	0.876196694669832	4	2021	0.0135139580139539	103	12697000	92
20220530 192009	0	0	0	1	hist	lossguide	256	0	1	0.0103037311484792	0.994922331119515	3	1281	0.0133509632414625	214	12132000	93
20220530 192355	0	0	0	1	hist	lossguide	256	0	1	0.0100738816226672	0.360443252630038	4	1491	0.0124150930403479	156	12906000	94
20220530 192440	0	0	0	1	hist	lossguide	256	0	1	0.297944978862244	0.998673591019432	6	2	0.0179256779006265	234	12938000	95
20220530 192556	0	0	0	1	hist	lossguide	256	0	1	0.0433215820274413	0.64120749399976	3	2046	0.0128553883303099	37	12153000	96
20220530 192627	0	0	0	1	hist	lossguide	256	0	1	0.29749583290421	0.999780438118664	3	1424	0.0135442077266405	8	8721000	97
20220530 193022	0	0	0	1	hist	lossguide	256	0	1	0.0101718945177096	0.291278362212339	6	95	0.012909677755976	274	13154000	98
20220530 193438	0	0	0	1	hist	lossguide	256	0	1	0.0101678011332759	0.497185059977148	5	3	0.0121986834144257	1521	12999000	99
20220530 193517	0	0	0	1	hist	lossguide	256	0	1	0.25318810414382	0.999957125820993	9	2	0.0186215340346095	184	12928000	100
20220530 193544	0	0	0	1	hist	lossguide	256	0	1	0.293510159359136	0.989465191908928	7	53	0.0207597697263324	12	11132000	101
20220530 193930	0	0	0	1	hist	lossguide	256	0	1	0.0100853833459085	0.361601900522042	7	1910	0.0197235875957934	279	12380000	102
20220530 194146	0	0	0	1	hist	lossguide	256	0	1	0.0101389476478362	0.313270791124678	10	5	0.0243337349122012	381	12391000	103
20220530 194512	0	0	0	1	hist	lossguide	256	0	1	0.010029622226974	0.328699844805049	5	23	0.0187526072904966	441	13289000	104
20220530 194553	0	0	0	1	hist	lossguide	256	0	1	0.298366898746906	0.443096752862233	5	2	0.0177303468321915	210	13253000	105
20220530 194946	0	0	0	1	hist	lossguide	256	0	1	0.0100874226167009	0.999644852495356	6	546	0.01380766151424	203	13074000	106
20220530 195231	0	0	0	1	hist	lossguide	256	0	1	0.0105243220907009	0.986317415155773	10	3	0.0325080018931258	747	11157000	107
20220530 195501	0	0	0	1	hist	lossguide	256	0	1	0.0105467219194254	0.411954368798078	3	17	0.0134502966930487	262	13256000	108
20220530 195838	0	0	0	1	hist	lossguide	256	0	1	0.0101039940118394	0.329540525271061	7	741	0.0134885534160612	247	13226000	109
20220530 200155	0	0	0	1	hist	lossguide	256	0	1	0.0102228501540116	0.309262488900124	5	1067	0.0103610360403446	84	12860000	110
20220530 200603	0	0	0	1	hist	lossguide	256	0	1	0.0102806789733015	0.960408141486091	6	209	0.0177325552094867	264	12146000	111
20220530 201009	0	0	0	1	hist	lossguide	256	0	1	0.010121665801784	0.297092369308127	8	2	0.0199463203880199	1678	13060000	112
20220530 201037	0	0	0	1	hist	lossguide	256	0	1	0.297721769421347	0.747740898175011	6	3	0.0129431678108598	65	12674000	113
20220530 201108	0	0	0	1	hist	lossguide	256	0	1	0.299494371706079	0.439339039464822	6	2	0.0136031647787242	161	12938000	114
20220530 201405	0	0	0	1	hist	lossguide	256	0	1	0.0100613982250617	0.227110559318918	9	1866	0.0116667563452651	122	12724000	115
20220530 201811	0	0	0	1	hist	lossguide	256	0	1	0.0103720180340816	0.201898480979257	9	7	0.0298581132960741	1057	11882000	116
20220530 201848	0	0	0	1	hist	lossguide	256	0	1	0.299522597047864	0.49901542128079	9	3	0.0178194616944478	187	12757000	117
20220530 202254	0	0	0	1	hist	lossguide	256	0	1	0.0101539455848744	0.236278473530103	5	2048	0.030751137842557	276	9758000	118
20220530 202644	0	0	0	1	hist	lossguide	256	0	1	0.010344611377814	0.280702553707849	9	1090	0.0227174391014269	350	12424000	119
20220530 202710	0	0	0	1	hist	lossguide	256	0	1	0.266399588987545	0.99894275823013	5	2	0.0129187460966359	114	12795000	120
