Feature	Gain	Cover	Frequency
ctrx_quarter	0.224292446161389	0.0189594912099449	0.0145906724854093
mcuentas_saldo	0.0423283878769442	0.0138565734047411	0.0185779133147554
mtarjeta_visa_consumo	0.0350657851913912	0.0125887091580259	0.0168428063164905
mcaja_ahorro	0.0233726821578615	0.00625326857264666	0.0118565644881434
mdescubierto_preacordado	0.0205468992967277	0.00202655106678997	0.00152479099847521
foto_mes	0.0199173170379052	0.0152813797553121	0.0165448586501218
ctarjeta_visa	0.0185035019445778	0.000654816824635174	0.000867553499132447
cpayroll_trx	0.0176893845331248	0.00815243296050124	0.00438158332895175
mprestamos_personales	0.0166111990147001	0.00881253035028993	0.00347021399652979
mpayroll	0.0159582613455153	0.0130272744352001	0.00570482149429518
mcuenta_corriente	0.0145590319106452	0.00697170795313617	0.00991114149008886
mdescubierto_preacordado_delta1	0.0112904406005374	0.00427234972620862	0.00115673799884326
mpasivos_margen	0.0104663045546031	0.0088799942044929	0.00997248365669418
cproductos_delta1	0.00993511013318253	0.0040995986671955	0.00154231733179102
Master_status	0.00938780871964137	0.00171547868239882	0.000718579665948087
Master_fechaalta	0.00869117693773689	0.00820848543563004	0.0118127486548539
numero_de_cliente	0.00859639181221995	0.00965000963062168	0.0167288851499378
mactivos_margen	0.00847939379463028	0.0083239889984459	0.0134251713199082
cliente_edad_lag1	0.00821739988837041	0.0101667360028153	0.0153705943179627
mrentabilidad_annual	0.00817539052380349	0.00827268117735669	0.0119617224880383
ctrx_quarter_delta1	0.00804267207937761	0.00682215777971733	0.011891617154775
mrentabilidad_annual_delta1	0.00802540823551567	0.00646087130018881	0.0127065916539601
Visa_status	0.00793331095529564	0.00100243922314484	0.000657237499342763
cliente_edad	0.00766014348435058	0.00852744100871721	0.0131622763201711
Master_Fvencimiento	0.00640998090243235	0.00598274274816997	0.0109451951557215
mprestamos_personales_delta1	0.00633509708475517	0.0090365688637717	0.00329495066337172
Visa_fechaalta_lag1	0.00607906531803229	0.0046945084224085	0.00948174632385159
Visa_Fvencimiento_lag1	0.00596087458145048	0.00512082459913436	0.0111905638221428
mcuenta_corriente_lag1	0.00589687777742389	0.0082460547030388	0.0106034316560632
Visa_Fvencimiento	0.00571663767472636	0.00760022263227903	0.0110240636556426
mcaja_ahorro_dolares_delta1	0.00564379354092176	0.00617625723099936	0.00694919115971748
mrentabilidad_annual_lag1	0.00561397778376834	0.0075689047645557	0.0092539039907461
mcuentas_saldo_delta1	0.00555722585502548	0.00836778384220232	0.0102266154897734
chomebanking_trx	0.00550903012297363	0.00428912805564956	0.00912245649087754
Master_Fvencimiento_lag1	0.00549840307367599	0.0042474019225562	0.0106823001559844
Visa_fechaalta	0.00547516960139705	0.00569684112428504	0.0100601153232732
mcaja_ahorro_lag1	0.00533654641608846	0.00543273255295482	0.00974464132358869
mrentabilidad	0.00513722239859365	0.00466272765598459	0.0085090348248243
mactivos_margen_lag1	0.00503190153958163	0.00648255906115798	0.00781674465884992
Master_fechaalta_lag1	0.00484364017721926	0.00571806660139499	0.00985856249014144
Visa_mpagominimo	0.0046562287876971	0.0070725663786634	0.00963072015703595
mcaja_ahorro_delta1	0.00457850618443373	0.00695553055428461	0.00789561315877105
mcuenta_corriente_delta1	0.00454315796790467	0.00842495986308968	0.00828995565837671
ccaja_ahorro	0.00451632451494311	0.00364769333040739	0.00285679233047654
mcomisiones_mantenimiento	0.00451192610286379	0.00672899071237695	0.00471458366195208
mactivos_margen_delta1	0.00445547170855282	0.00380010320791888	0.00739611265927055
Visa_mfinanciacion_limite	0.00443971332403103	0.00454639436473249	0.00658990132674343
mtransferencias_recibidas	0.00441753444858464	0.00482440534496973	0.00703682282629651
cliente_antiguedad_lag1	0.00428509954612652	0.00480533642398435	0.00836006099163994
mrentabilidad_delta1	0.00427578670743771	0.00415190283873371	0.00813221865853445
cliente_antiguedad	0.00426158716382208	0.00451548052464804	0.00884203515782463
Visa_mpagospesos_lag1	0.00425730532387812	0.00566194242039078	0.00822861349177139
ctrx_quarter_lag1	0.0039572604768032	0.00717513782911796	0.00807963965858703
chomebanking_trx_delta1	0.00386369329928341	0.00654551674291988	0.00777292882556041
ctarjeta_visa_trx	0.00386065358389765	0.00670761467598517	0.0104807473228526
Master_mfinanciacion_limite	0.00382864282738938	0.00519759599893487	0.00708940182624393
Visa_mpagominimo_lag1	0.00381967438052891	0.00568431688232121	0.00694042799305957
mcuentas_saldo_lag1	0.00372829392922453	0.0068207980580154	0.00761519182571814
mcaja_ahorro_dolares_lag1	0.00365010118464175	0.00388197095102576	0.00663371716003295
cproductos	0.00364550545500699	0.00741987405524399	0.00742240215924426
Visa_fultimo_cierre	0.00354654713059276	0.00434626503410958	0.00673887515992779
mrentabilidad_lag1	0.00353974603972345	0.00299102199047336	0.00665124349334876
ccomisiones_mantenimiento_delta1	0.00338712973480178	0.00508405908311373	0.0014985014985015
Visa_mpagospesos_delta1	0.00337345606492632	0.00462991457089121	0.00773787615892879
Visa_mpagospesos	0.0033719468199928	0.00527185415775784	0.00729095465937571
mtarjeta_visa_consumo_lag1	0.00333209686624409	0.00363125785188847	0.00329495066337172
mtransferencias_recibidas_lag1	0.00332965201065207	0.0059290939953987	0.00682650682650683
chomebanking_trx_lag1	0.00329137188511205	0.00297317107025285	0.00690537532642796
mcomisiones	0.00326460812021784	0.00294647235207334	0.0055032686611634
Master_mfinanciacion_limite_lag1	0.00309509616774151	0.00474053629318558	0.00571358466095308
Visa_mconsumospesos_lag1	0.00304093851925522	0.00278641822859539	0.0060202954939797
mcomisiones_otras	0.00302597840603405	0.00330177819268715	0.00506511032826822
Master_fultimo_cierre_lag1	0.00301831221961206	0.00420277189364633	0.00609916399390084
mpasivos_margen_lag1	0.00301817637555111	0.00470137251152462	0.00637958532695375
thomebanking	0.00296757111989361	0.00148207990067156	0.00162118583171215
Visa_cconsumos_lag1	0.00293356375815331	0.00436605178240085	0.00595895332737438
Visa_Finiciomora	0.00291835521436178	0.00618474296424337	0.00129694866536972
Master_fultimo_cierre	0.00291799026844811	0.00263738513677334	0.00566976882766357
Visa_mconsumospesos	0.00291221470860854	0.00255966519044077	0.00614297982719035
Visa_mfinanciacion_limite_lag1	0.00283682820343109	0.00254798966014065	0.00520532099479468
mcaja_ahorro_dolares	0.00279707655266072	0.00534905463998328	0.00581874266084792
ccomisiones_mantenimiento	0.00272740449110548	0.00291859298474251	0.00113921166552746
Visa_mpagominimo_delta1	0.00269929006307281	0.00296228230634786	0.00512645249487355
Visa_fultimo_cierre_lag1	0.0026579656359699	0.00266382669754755	0.00561718982771614
mpasivos_margen_delta1	0.00262795980668945	0.00357163015101629	0.00573987416092679
ccomisiones_otras	0.00256543478114414	0.00516832401588853	0.00453055716213611
Visa_msaldototal	0.0025333669103047	0.00206189337873666	0.003996003996004
mtarjeta_visa_debitos_automaticos_lag1	0.00250302163850438	0.00463333539459417	0.00447797816218869
mcuenta_debitos_automaticos	0.0024806568120417	0.00767791798495658	0.0040135303293198
Visa_mconsumosdolares_lag1	0.00242861466332922	0.00357607099656121	0.00516150516150516
mprestamos_personales_lag1	0.00241352390884696	0.00256864802293688	0.00138458033194875
mtransferencias_emitidas	0.00235170992101644	0.00872518291027904	0.00666876982666456
Visa_mconsumospesos_delta1	0.00234396457049599	0.00322540421098073	0.00542440016124227
Visa_mlimitecompra_lag1	0.00233442553613663	0.003419033515437	0.0040135303293198
mtransferencias_emitidas_lag1	0.00230160315130983	0.00389573379094055	0.00548574232784759
Visa_cconsumos	0.00229600477591397	0.00307398684115966	0.00495118916171548
cmobile_app_trx	0.00228275887512709	0.00325852095085844	0.00486355749513644
Visa_msaldopesos	0.00227480399145328	0.00343386325884862	0.00488984699511015
cprestamos_personales	0.00226461519064041	0.00275256437076363	0.000963948332369385
Visa_mlimitecompra	0.0022512152941501	0.00277551071202844	0.00361042466305624
mcomisiones_mantenimiento_lag1	0.0022339697842138	0.00652956053325316	0.00381197749618802
mcomisiones_otras_lag1	0.00216662724338693	0.00126803156042449	0.00396095132937238
mtransferencias_recibidas_delta1	0.00210143796252457	0.00346928150370518	0.0047671626618995
mcomisiones_lag1	0.00207407971425499	0.00148185340847986	0.00383826699616173
mpayroll_lag1	0.00207020766441384	0.00551104612863544	0.00421508316245158
tcallcenter	0.00206474086797253	0.000833227191089117	0.000963948332369385
Visa_msaldopesos_delta1	0.00203643848388161	0.00275034364057048	0.00368929316297737
mtarjeta_visa_debitos_automaticos	0.00197834707008664	0.00242545746128555	0.00395218816271448
ccomisiones_otras_lag1	0.00197490072782182	0.00365623762729242	0.00388208282945125
cmobile_app_trx_lag1	0.00192773864347036	0.00337280459153013	0.00432900432900433
Master_mlimitecompra	0.00191626470150551	0.0026073219297319	0.00331247699668752
mpagomiscuentas	0.00191333251318406	0.00407273278901702	0.00341763499658237
Visa_msaldopesos_lag1	0.00189096036633142	0.00210926706042954	0.00333000333000333
mcomisiones_otras_delta1	0.00187624035906556	0.00254992325941144	0.00359289832974044
ctarjeta_debito_trx	0.00186289212467145	0.00164595372619482	0.00263771316402895
mtarjeta_visa_debitos_automaticos_delta1	0.00185655345013795	0.0046016728314247	0.00310216099689784
mtransferencias_emitidas_delta1	0.00184736944357417	0.00378887474415392	0.00340887182992446
Master_mlimitecompra_lag1	0.00181333016542489	0.00249839109807534	0.00305834516360832
Visa_Finiciomora_lag1	0.00180459660916143	0.00411090667606342	0.000832500832500833
Visa_mconsumosdolares	0.00180131843481602	0.00269890332116485	0.00381197749618802
ccaja_ahorro_delta1	0.00177385060511442	0.00527126191180289	0.000534553166132114
mautoservicio	0.00175050524816973	0.00549748603266423	0.00404858299595142
Visa_msaldototal_lag1	0.00173366557352686	0.0022018157510565	0.00323360849676639
ccallcenter_trx_delta1	0.00172839643731392	0.00274336695862747	0.00127065916539601
ccallcenter_trx	0.00171170937902874	0.00652353885367665	0.00266400266400266
ctransferencias_recibidas_lag1	0.00167538810162712	0.00294817261904212	0.00392589866274077
mpayroll_delta1	0.00167368229977582	0.00699071139351506	0.00394342499605658
cproductos_lag1	0.00162487303927435	0.002570071303866	0.00358413516308253
internet	0.0015953949634566	0.00354633665280049	0.0022433706644233
mcomisiones_delta1	0.00159196987813132	0.00217597343005789	0.00348774032984559
Visa_msaldototal_delta1	0.00157253225983671	0.00249510945908876	0.0034965034965035
Visa_cconsumos_delta1	0.00156510800284263	0.00311782810543992	0.0032423716634243
mdescubierto_preacordado_lag1	0.00154308867345442	0.000929393762079882	0.000963948332369385
ctarjeta_visa_trx_lag1	0.00152083931967845	0.0038087461099895	0.00366300366300366
mtarjeta_visa_consumo_delta1	0.00150121409510071	0.00367822781336316	0.00317226633016107
ctransferencias_recibidas	0.00148203397741648	0.00236459139302794	0.00288308183045025
cmobile_app_trx_delta1	0.00138624242507082	0.002395511765802	0.00315473999684526
cpayroll_trx_lag1	0.00137046810136234	0.000653493762850263	0.000683526999316473
Master_mpagospesos_lag1	0.00132491530580562	0.00286664557491243	0.00261142366405524
ctarjeta_debito	0.00132305180681875	0.00125144037332722	0.00244492349755508
Master_msaldopesos	0.00131150708775522	0.00328557358710473	0.00219955483113378
mautoservicio_lag1	0.00130678084457259	0.00286559258220171	0.00330371383002962
mpagomiscuentas_lag1	0.00130274280388391	0.00394632724320659	0.00271658166395009
ctarjeta_visa_debitos_automaticos_lag1	0.00129841896012292	0.00330405525772133	0.00238358133094975
Master_mpagominimo_lag1	0.00125637339037624	0.00185219650146954	0.00206810733126523
Master_msaldototal	0.00125237366923232	0.00297936690364897	0.00261142366405524
Master_fultimo_cierre_delta1	0.00121622580593614	0.0013885387023542	0.00218202849781797
ccaja_seguridad_lag1	0.00121329973916275	0.000556941532606713	0.000315473999684526
Master_mpagominimo	0.00118462745239806	0.00434664823399686	0.00219955483113378
Visa_mconsumosdolares_delta1	0.00117907817382328	0.00236761456807129	0.00248873933084459
mtarjeta_master_consumo	0.00116535261983797	0.00154216711861676	0.000963948332369385
mcuenta_debitos_automaticos_lag1	0.00110377076019846	0.00267606865046486	0.00247121299752879
mautoservicio_delta1	0.00108328403249247	0.00505541961813244	0.00277792383055541
Visa_fultimo_cierre_delta1	0.00104926031335205	0.00177222677368883	0.00206810733126523
ctarjeta_debito_lag1	0.0010336353510454	0.00189992056589128	0.00197171249802829
ccaja_seguridad	0.00102508325208724	0.00331310918125148	0.000587132166079535
ccomisiones_otras_delta1	0.00100287011017422	0.00128814840167924	0.00190160716476506
ctarjeta_debito_trx_lag1	0.000994712113522153	0.00381369058747613	0.00262894999737105
Master_status_lag1	0.000978681099841976	0.00203579282436034	0.00035052666631614
Master_mpagospesos	0.000970270712348119	0.00406315332982116	0.00341763499658237
ctransferencias_emitidas_lag1	0.000912950744795449	0.00336255787573151	0.00201552833131781
cplazo_fijo	0.00091224412492298	0.00270460812686746	0.000394342499605658
mcomisiones_mantenimiento_delta1	0.00090563993338543	0.00627350892016271	0.0012443696654223
ctarjeta_visa_trx_delta1	0.000889022513262234	0.00225665629697901	0.00183150183150183
ctransferencias_emitidas	0.000869811158833343	0.00439125912596891	0.00237481816429185
internet_lag1	0.000864865985490842	0.00265560342471571	0.00185779133147554
Master_mpagospesos_delta1	0.000848190215950165	0.00520040182755198	0.00197171249802829
mextraccion_autoservicio_delta1	0.000816357614071605	0.00307364737186521	0.00198923883134409
Master_msaldopesos_lag1	0.000810816629949395	0.00109434478969302	0.0015072646651594
ccajas_consultas_delta1	0.000781408427238525	0.00405666298740618	0.000683526999316473
ctarjeta_debito_trx_delta1	0.000770868167819828	0.00279716304276334	0.00186655449813345
tcuentas_lag1	0.000763508673839289	0.00464409304357584	0.000560842666105824
mtarjeta_master_consumo_lag1	0.000754362272064834	0.00209665896947312	0.00110415899889584
ctransferencias_emitidas_delta1	0.00075038360071305	0.00241710745427518	0.00144592249855408
ccuenta_debitos_automaticos_lag1	0.000728087065639224	0.00301622625983454	0.00141086983192246
Master_mconsumospesos	0.000724423521555886	0.00137182915829214	0.00198923883134409
Master_mfinanciacion_limite_delta1	0.000721623349591877	0.00575635999823375	0.00117426433215907
ctarjeta_visa_debitos_automaticos_delta1	0.000718840161625549	0.00173624218307026	0.000885079832448254
ctransferencias_recibidas_delta1	0.000716960148164447	0.0021626435921818	0.00190160716476506
Visa_mpagado	0.000710736254411367	0.00244364500715915	0.00155108049844892
Master_mconsumospesos_lag1	0.000706833095418815	0.00200992106783087	0.00179644916487022
ctarjeta_visa_debitos_automaticos	0.000700788829622039	0.00149730429539109	0.0015072646651594
ccuenta_debitos_automaticos	0.000690756571806387	0.00208352226864412	0.00142839616523827
mextraccion_autoservicio	0.000683945254361465	0.00183279349105175	0.00164747533168586
ccomisiones_mantenimiento_lag1	0.000682218722620511	0.000867880803840067	0.00113044849886955
mprestamos_prendarios	0.000678713025168547	0.00535785955275635	0.000622184832711149
mextraccion_autoservicio_lag1	0.000677651601687231	0.00172311639567567	0.00215573899784426
mcuenta_debitos_automaticos_delta1	0.000668729450479259	0.00284629686160394	0.00153355416513311
Master_msaldototal_delta1	0.000657768235234453	0.00351636059952402	0.00132323816534343
cprestamos_personales_delta1	0.000645310706792415	0.00237179034012819	0.000359289832974044
Master_msaldototal_lag1	0.000640980574219216	0.00139608472741092	0.00201552833131781
thomebanking_lag1	0.000632946388584495	0.000546861361965679	0.00102529049897471
ccaja_ahorro_lag1	0.000616450710016624	0.00125449421358417	0.00107786949892213
mplazo_fijo_dolares	0.000590817293858553	0.00317272567790001	0.000508263666158403
matm_lag1	0.000581844875623176	0.00219377708434765	0.00158613316508053
Master_mpagominimo_delta1	0.000564601562525934	0.00271671704348214	0.00119179066547488
Visa_mpagado_delta1	0.000562584662311909	0.00177417051784231	0.00106034316560632
cpagomiscuentas_lag1	0.000522636172807202	0.00123665489849463	0.00133200133200133
ccajas_trx_delta1	0.000521723955719574	0.00186349313577201	0.000692290165974377
mplazo_fijo_dolares_delta1	0.00051601186977445	0.00383737712090188	0.000639711166026955
cpagomiscuentas	0.000502414040723398	0.00137880914500755	0.00132323816534343
mpagomiscuentas_delta1	0.000488596753838427	0.00130396934624335	0.00142839616523827
matm	0.000485196671115936	0.000970896938319455	0.00132323816534343
Visa_status_lag1	0.000465029515340986	0.000514831738495034	0.000113921166552746
ctarjeta_master	0.000463582280687683	0.000266649095893795	0.000219079166447587
cextraccion_autoservicio_lag1	0.000441553140384565	0.00278468652786128	0.00114797483218536
mttarjeta_master_debitos_automaticos_lag1	0.000432807772322998	0.0013555654510825	0.000814974499185026
Master_mconsumospesos_delta1	0.000424841519703351	0.00152679900472571	0.00108663266558003
Master_cconsumos	0.000418658593429009	0.00166820022426398	0.000955185165711482
matm_delta1	0.000418213280297384	0.00109656421334825	0.00105157999894842
cextraccion_autoservicio	0.00041712270506435	0.00152241034384254	0.00102529049897471
ccallcenter_trx_lag1	0.000417016219518627	0.00321219741823492	0.000885079832448254
Visa_msaldodolares_lag1	0.000408112110821221	0.00109205488984513	0.00116550116550117
Visa_mpagosdolares	0.000407189225632518	0.00104523079948678	0.00101652733231681
cprestamos_personales_lag1	0.000403405967799077	0.00203142998681494	0.000736105999263894
Master_msaldopesos_delta1	0.000396970545895237	0.00158641878951518	0.00101652733231681
Visa_mpagosdolares_lag1	0.000392170591260197	0.000854986196802666	0.00102529049897471
mcaja_ahorro_adicional_lag1	0.000382913534704064	0.00379183220802526	0.000744869165921798
thomebanking_delta1	0.000378998049420914	0.000915813991184654	0.000753632332579701
Visa_mfinanciacion_limite_delta1	0.00037817549503315	0.00057562571660137	0.00070105333263228
tmobile_app	0.000372403093313415	0.000215531107079272	0.000841263999158736
tcallcenter_lag1	0.000372326423212992	0.00123578858699655	0.000543316332790017
Master_cconsumos_lag1	0.000371334417733136	0.00094438382538017	0.000814974499185026
Visa_Fvencimiento_delta1	0.000368098840771142	0.000342599836168353	0.000683526999316473
Visa_mconsumototal_lag1	0.000362641129759173	0.000295213396516931	0.000692290165974377
ccajas_otras_delta1	0.000362061396034081	0.00107809453213847	0.00017526333315807
Master_cconsumos_delta1	0.000357261666143744	0.000670586814220288	0.000823737665842929
tpaquete7	0.000355021861041326	0.00105927984806186	0.000184026499815974
Master_Fvencimiento_delta1	0.000338892858576634	0.000262481547340289	0.000727342832605991
catm_trx_lag1	0.000334916914525817	0.00227959925661626	0.000779921832553412
mttarjeta_master_debitos_automaticos	0.000331653178298437	0.0026634026107088	0.000744869165921798
Visa_msaldodolares_delta1	0.00033138015498322	0.00185820803616335	0.000832500832500833
ctarjeta_master_trx	0.000320864017394702	0.00258496552876688	0.000885079832448254
Visa_mpagado_lag1	0.000317849422758076	0.000979626840444712	0.00070105333263228
Visa_mlimitecompra_delta1	0.000305649192011803	0.000549309276047074	0.000534553166132114
cseguro_accidentes_personales_lag1	0.000301544737052419	0.00045437769081418	0.00052578999947421
cextraccion_autoservicio_delta1	0.000295126994203411	0.000651150141237188	0.000718579665948087
matm_other_lag1	0.000275769766170166	0.0012541778008413	0.000604658499395342
Visa_msaldodolares	0.00027477556038338	0.000650853864549367	0.000578368999421631
cpagomiscuentas_delta1	0.000273003209403808	0.00175011008400508	0.000736105999263894
ccajas_extracciones	0.000271589293375849	0.00249472341556012	0.000692290165974377
catm_trx	0.000265425937855505	0.00218007127097045	0.000736105999263894
mplazo_fijo_dolares_lag1	0.000263818670178522	0.00305478019570616	0.000560842666105824
mtarjeta_master_consumo_delta1	0.000246229917542355	0.00199546322659626	0.000595895332737438
mforex_sell	0.000243204568896551	0.000845468144889186	0.00052578999947421
Visa_fechaalta_delta1	0.000238245062327399	0.000286288820241156	0.000569605832763727
mcaja_ahorro_adicional	0.000236965258318363	0.00213289449222807	0.000376816166289851
ccuenta_debitos_automaticos_delta1	0.000231305901559056	0.0025910967269634	0.000464447832868886
Visa_mconsumototal	0.000230969128891181	0.000221452413801229	0.00052578999947421
matm_other_delta1	0.000226606326673991	0.00102711649659205	0.000595895332737438
minversion1_pesos	0.000214606629249051	0.00269136959293563	0.000219079166447587
Master_mlimitecompra_delta1	0.000214537237883491	0.000630939152396812	0.000429395166237272
tmobile_app_lag1	0.000212729997458423	0.000133335499808899	0.000420631999579368
Visa_status_delta1	0.000204706145132026	0.000553869323963667	0.000394342499605658
mforex_sell_delta1	0.000198359695749644	0.00103684328715251	0.000403105666263561
cseguro_accidentes_personales	0.000188057041945943	0.000316227445048886	0.00035052666631614
mforex_sell_lag1	0.000187286838896536	0.000346735182404816	0.000481974166184693
Master_delinquency	0.000186977163095115	0.000114022102521587	0.000105157999894842
Visa_delinquency_lag1	0.000183347416573944	0.000293652852250732	0.000140210666526456
Visa_mconsumototal_delta1	0.000180080681961588	0.00023105139421076	0.000368052999631947
cseguro_vida_lag1	0.000178366009879826	0.00197110943656774	0.000438158332895175
minversion2	0.000176114421020913	0.00354392755058092	0.000341763499658237
Master_fechaalta_delta1	0.00017214347443735	0.000108759521478309	0.000438158332895175
mttarjeta_master_debitos_automaticos_delta1	0.000167146749352726	0.00149575135978691	0.000420631999579368
catm_trx_delta1	0.000165157193610249	0.000609388039923356	0.000420631999579368
ctarjeta_master_trx_lag1	0.000164290457437219	0.00052236154711048	0.000420631999579368
ctarjeta_debito_delta1	0.000161049009899892	0.00279982192429171	0.000306710833026623
ccajas_otras	0.000160007390698537	0.00127623869367023	0.000166500166500167
matm_other	0.000155859635529833	0.000848178826803436	0.000411868832921465
ccajas_trx_lag1	0.000155664443571628	0.00116352881635431	0.00107786949892213
Master_Finiciomora	0.000154007488656887	0.000593159686092803	0.000157736999842263
ccajas_trx	0.000152989379059478	0.000209032387450545	0.000376816166289851
cprestamos_hipotecarios	0.000148094027775763	0.00105081501942462	7.88684999211315e-05
ctarjeta_visa_delta1	0.000145655202689267	0.00256995848047359	0.000315473999684526
mcheques_emitidos_delta1	0.000143911862318471	0.00255627948955139	0.000306710833026623
Master_delinquency_lag1	0.000143836347047299	0.000733073834909245	0.00014897383318436
minversion2_lag1	0.000142003236612249	0.00288162756841967	0.000297947666368719
tpaquete9	0.000141908931615873	0.00037112294241933	0.000184026499815974
Master_msaldodolares_lag1	0.00013930102598864	0.000879805806028299	0.000271658166395009
Visa_delinquency	0.000135773860646605	0.000131390449117494	0.000140210666526456
mprestamos_hipotecarios_lag1	0.000132798294820116	0.00235128576453101	0.000201552833131781
Master_mconsumosdolares	0.000132529882858566	0.000201273243002036	0.000315473999684526
catm_trx_other	0.000132134891035292	0.00100550682047757	0.00032423716634243
Master_mconsumosdolares_delta1	0.000129559589787207	0.000331635523629345	0.00032423716634243
ctarjeta_master_trx_delta1	0.000128774233006601	0.00144496177312208	0.000411868832921465
cseguro_vivienda_lag1	0.000124744921793805	0.000405936567638255	0.000227842333105491
tcallcenter_delta1	0.00012393353796093	0.000318298999353301	0.000219079166447587
active_quarter_lag1	0.000118409049877952	0.000102594583861309	0.000236605499763395
ccheques_depositados_delta1	0.000117063638312684	0.00281622942752805	0.000271658166395009
Master_msaldodolares	0.000116844992794144	0.0023071882651075	0.000271658166395009
cforex_buy_delta1	0.000114675579516437	0.00161923187460856	0.00014897383318436
cpayroll_trx_delta1	0.000114206077127348	0.000261541839153005	0.00032423716634243
cseguro_vida	0.000113887340536143	0.000381746940256997	0.000157736999842263
cseguro_vivienda	0.000111550781859794	0.000245621443996408	0.00017526333315807
cliente_edad_delta1	0.000110990772274572	0.000304858797450313	0.000227842333105491
Visa_mpagosdolares_delta1	0.000106293598395832	0.000459305644438839	0.000490737332842596
internet_delta1	0.0001057937499407	0.000227032329849438	0.000271658166395009
Master_mconsumosdolares_lag1	0.000104956999686467	0.000331312885617549	0.000227842333105491
Master_mpagado_lag1	0.000104665908283943	0.000392611033651798	0.000192789666473877
active_quarter	0.000104631560127883	4.73563124240215e-05	0.000157736999842263
mcheques_depositados_delta1	0.000103525698616251	0.00222855574046334	0.000289184499710816
mprestamos_hipotecarios	9.81053456326575e-05	0.00070054334628308	5.2578999947421e-05
catm_trx_other_lag1	9.77885049346662e-05	0.000870247405149551	0.000219079166447587
ctarjeta_master_debitos_automaticos_lag1	9.62219361683307e-05	0.000273357860707428	0.000184026499815974
minversion1_pesos_lag1	9.569665670949e-05	0.00151132744377323	0.000201552833131781
mcheques_depositados	9.31439976572846e-05	0.00134194310242202	0.000289184499710816
tpaquete9_lag1	9.22460169632579e-05	0.000432504862590991	0.000166500166500167
tmobile_app_delta1	9.17748155982935e-05	0.000491354404847297	0.000254131833079202
ccajas_consultas	9.02445919063903e-05	0.000594877399185616	0.000192789666473877
mcaja_ahorro_adicional_delta1	8.93378710589556e-05	0.00156694845396677	0.000219079166447587
cforex	8.23939864089962e-05	0.000242797093282861	0.000192789666473877
cforex_lag1	7.95867475495152e-05	0.000561836745928127	0.00017526333315807
mprestamos_hipotecarios_delta1	7.83561567685896e-05	1.78759750065573e-05	0.000105157999894842
minversion1_pesos_delta1	7.74967056179217e-05	0.000292229571321613	0.000140210666526456
catm_trx_other_delta1	7.53912933392432e-05	0.000207554923625211	0.000245368666421298
ccajas_extracciones_lag1	7.26587171026497e-05	0.000634853386303611	0.000289184499710816
Master_status_delta1	6.68025234385021e-05	0.000264112490943984	0.000201552833131781
Master_mpagado	6.01743401264606e-05	0.000691012690121402	0.00017526333315807
ccajas_depositos_lag1	5.98731580608703e-05	0.000283125307653847	9.63948332369385e-05
Master_mpagado_delta1	5.93438526751098e-05	0.000486850999192423	0.000131447499868553
ctarjeta_master_debitos_automaticos	5.82226039132792e-05	0.000382532553824546	0.000131447499868553
mtarjeta_visa_descuentos_delta1	5.58752240696579e-05	0.000820884250475887	0.000157736999842263
Master_mpagosdolares	5.37369583211591e-05	8.31518393196249e-05	0.000166500166500167
cplazo_fijo_lag1	5.27629944616806e-05	0.000327300123380326	9.63948332369385e-05
ccajas_extracciones_delta1	5.27383301482498e-05	0.000300768949475636	0.000157736999842263
ccheques_depositados_lag1	5.25466896578598e-05	0.000436114058320368	6.13421666053245e-05
Visa_cadelantosefectivo_lag1	5.2026279468783e-05	7.08089755615665e-06	3.5052666631614e-05
mtarjeta_visa_descuentos_lag1	5.16987012663113e-05	0.000142172999174869	0.000105157999894842
mforex_buy_delta1	4.99891585191741e-05	0.00103671493901537	8.7631666579035e-05
ccajas_depositos	4.9746472414607e-05	0.000430496483237909	7.88684999211315e-05
tpaquete7_lag1	4.91343041115635e-05	0.00121767482208801	0.00032423716634243
Master_mconsumototal_lag1	4.72249207710161e-05	0.000219950663741562	0.000166500166500167
cforex_sell_lag1	4.55747936374284e-05	0.00111668059347197	0.000131447499868553
cforex_delta1	4.41323728448906e-05	0.000216086846827555	9.63948332369385e-05
mcheques_emitidos_rechazados_lag1	4.41193383536328e-05	0.000203859650103263	5.2578999947421e-05
Master_mpagosdolares_lag1	3.90235300030959e-05	6.58087780752852e-05	0.000140210666526456
ccajas_consultas_lag1	3.72159564234662e-05	0.000222893294564721	0.000113921166552746
Master_mconsumototal	3.70984245593911e-05	6.30447586717097e-05	0.000122684333210649
mprestamos_prendarios_delta1	3.52497628887313e-05	0.00169713904013997	0.00014897383318436
cforex_buy	3.44396574231644e-05	0.000181547133441417	1.7526333315807e-05
active_quarter_delta1	3.27218389117066e-05	0.000104443642442963	7.0105333263228e-05
ctarjeta_visa_lag1	3.15411384688993e-05	0.00134747605996017	0.00014897383318436
cforex_sell	3.1416430191689e-05	0.000167326390412228	7.88684999211315e-05
Master_mconsumototal_delta1	3.10564822415172e-05	4.27676743834679e-05	0.000105157999894842
cinversion2	2.91562124506901e-05	0.000997698488719023	9.63948332369385e-05
Master_msaldodolares_delta1	2.83192377054071e-05	0.000598905839877914	0.000105157999894842
cseguro_auto_lag1	2.80754279976857e-05	0.000144493717946706	4.38158332895175e-05
mcheques_emitidos	2.53203466776704e-05	0.000174327896575773	3.5052666631614e-05
mprestamos_prendarios_lag1	2.29936317796674e-05	0.000825140489897809	8.7631666579035e-05
ctarjeta_visa_descuentos_lag1	2.29459198562688e-05	0.00036687907668009	6.13421666053245e-05
mtarjeta_master_descuentos_delta1	2.28226504782768e-05	0.000174912841289392	4.38158332895175e-05
tpaquete7_delta1	2.23785361891532e-05	0.000715549549169475	8.7631666579035e-05
mcheques_depositados_lag1	2.21063603580919e-05	0.000195372379755815	5.2578999947421e-05
ccheques_emitidos	2.11205940199614e-05	0.00049150404186706	5.2578999947421e-05
ctarjeta_master_debitos_automaticos_delta1	2.01510382995574e-05	0.000221604125910635	7.88684999211315e-05
mtarjeta_visa_descuentos	2.01465684413939e-05	0.000101086839098231	7.0105333263228e-05
ccheques_emitidos_lag1	2.00825653487822e-05	0.000612069209451582	7.0105333263228e-05
ctarjeta_visa_descuentos_delta1	1.96306207367074e-05	0.000387430995063182	5.2578999947421e-05
cforex_sell_delta1	1.68058249594086e-05	0.0001079691428901	5.2578999947421e-05
mcheques_emitidos_lag1	1.57108212527615e-05	0.00041558888553711	4.38158332895175e-05
cpagodeservicios_lag1	1.55493450496701e-05	0.000459477415748121	5.2578999947421e-05
Master_mpagosdolares_delta1	1.41346079631294e-05	1.72898006101867e-05	8.7631666579035e-05
Visa_madelantopesos	1.39709304112123e-05	2.14315258259214e-05	6.13421666053245e-05
mforex_buy	1.26659584937483e-05	0.00045518198018851	3.5052666631614e-05
tcuentas	1.26159086209389e-05	5.10314498909211e-05	2.62894999737105e-05
Visa_delinquency_delta1	1.20683281037861e-05	1.77913574622536e-05	1.7526333315807e-05
minversion2_delta1	1.07819114588565e-05	0.000127124372233564	4.38158332895175e-05
ccajas_depositos_delta1	1.0061153551211e-05	0.000119611932886976	4.38158332895175e-05
ccheques_depositados	9.89935267105821e-06	0.000318495133752086	6.13421666053245e-05
ctarjeta_master_descuentos_lag1	6.5990005485233e-06	5.67214225453452e-06	1.7526333315807e-05
cprestamos_prendarios_lag1	6.55776221438763e-06	9.35103793934182e-05	1.7526333315807e-05
ctarjeta_visa_descuentos	6.01693141072448e-06	0.000123135204534126	1.7526333315807e-05
ctarjeta_master_descuentos_delta1	5.99172786761498e-06	4.59682311636507e-05	1.7526333315807e-05
Master_madelantopesos_lag1	5.59350447599901e-06	1.40613454025904e-05	7.0105333263228e-05
cinversion2_lag1	5.1017689596922e-06	1.13661113778994e-06	8.7631666579035e-06
cprestamos_hipotecarios_lag1	4.64656448924546e-06	0.000467028897522053	3.5052666631614e-05
cinversion1_lag1	4.3547578341754e-06	1.22584767792706e-05	8.7631666579035e-06
mcajeros_propios_descuentos_lag1	4.11212665471654e-06	0.000104023090942119	4.38158332895175e-05
Master_madelantopesos_delta1	3.85497885700025e-06	2.41824798502674e-06	1.7526333315807e-05
ctarjeta_master_delta1	3.63685241700893e-06	4.09024762157064e-05	8.7631666579035e-06
mtarjeta_master_descuentos_lag1	2.55261480952156e-06	3.00094852762569e-05	8.7631666579035e-06
mcheques_emitidos_rechazados_delta1	2.54323390763457e-06	1.91433936469856e-05	8.7631666579035e-06
Master_delinquency_delta1	2.53831382603649e-06	7.49376353980717e-06	8.7631666579035e-06
mcajeros_propios_descuentos_delta1	2.31128168620868e-06	2.2333344413441e-05	8.7631666579035e-06
ctarjeta_master_descuentos	1.76170313524941e-06	3.33320880694771e-06	8.7631666579035e-06
Visa_cadelantosefectivo_delta1	1.64753835187207e-06	1.31545312288949e-06	8.7631666579035e-06
ctarjeta_master_lag1	1.45092801796853e-06	5.23102430967962e-05	8.7631666579035e-06
Visa_madelantopesos_lag1	1.39430728961513e-06	2.20174696567761e-06	1.7526333315807e-05
Master_madelantopesos	9.88439443306087e-07	2.97433358158358e-05	0.000131447499868553
Master_cadelantosefectivo_lag1	8.69253090233097e-07	2.12081846962698e-06	1.7526333315807e-05
mpagodeservicios_delta1	2.56964504806254e-07	1.36180447708525e-05	8.7631666579035e-06
mcajeros_propios_descuentos	1.396083335366e-07	1.79738116404343e-05	8.7631666579035e-06
Master_cadelantosefectivo	8.32360575600534e-13	1.54787853386415e-05	4.38158332895175e-05
Visa_madelantopesos_delta1	5.85426213210406e-13	1.2947560250866e-05	8.7631666579035e-06
Master_madelantodolares_delta1	3.96008432724233e-13	1.522808376778e-06	8.7631666579035e-06
Master_madelantodolares	3.50553907751153e-13	1.13801758743641e-05	1.7526333315807e-05
