Feature	Gain	Cover	Frequency
suma_ctrx_quarter_ctarjeta_master	0.0516077092873849	0.000865967563542983	0.000296354835523066
suma_ctarjeta_visa_trx_cpayroll_trx	0.0402455616488183	0.00328890391323062	0.00325990319075373
mpasivos_margen	0.0373010055474326	0.0108129625291622	0.0171885804603378
suma_cproductos_ctrx_quarter	0.0284501235429377	0.00245093255154948	0.00187691395831275
mcuentas_saldo	0.0249030642427234	0.0220616767140574	0.0215351180480095
max_cpayroll_trx_ctarjeta_visa_trx	0.0248451935898521	0.00115316176896412	0.000889064506569199
mactivos_margen	0.0222250374572517	0.0173140436989262	0.0146201718858046
mul_ctrx_quarter_cproductos	0.0201563191218172	0.00479560453678352	0.00464289242319471
mul_cproductos_ctrx_quarter	0.0196534927529025	0.00475064890647277	0.00493924725871777
suma_ctrx_quarter_cproductos	0.0191088643964739	0.00146696327891873	0.0017781290131384
mprestamos_personales	0.0182012490938202	0.0160864618348995	0.00424775264249728
cliente_edad	0.016500042386625	0.0220129065764413	0.022522967499753
mcuenta_corriente	0.0153790036351949	0.00728423076975542	0.010273634298133
mpayroll_sobre_edad	0.0143004698593763	0.010225186140144	0.00454410747802035
mrentabilidad_annual	0.0138148408688039	0.0144995226285477	0.0148177417761533
mcaja_ahorro	0.0130071590062402	0.0118258159058754	0.0145213869406302
div_ctrx_quarter_ctarjeta_visa	0.0117721751972058	0.00198054278851645	0.00256840857453324
chomebanking_trx	0.0112668818933644	0.0102487180291646	0.0117554084757483
mul_ccomisiones_otras_ctrx_quarter	0.0109084178181261	0.00359121229779298	0.00691494616220488
mrentabilidad	0.0103584652651771	0.00956543014708299	0.0107675590240047
div_ctrx_quarter_cpayroll_trx	0.00987218487301885	0.00676787842584857	0.00207448384866146
Master_Fvencimiento	0.00969042315348904	0.0140439295824094	0.014718956830979
Visa_fechaalta	0.00967622120290285	0.00475031656318348	0.00879186012051763
Master_fechaalta	0.00907061954818083	0.0138321673829615	0.0122493332016201
mv_Fvencimiento	0.00894309340471123	0.00800761314149851	0.0125456880371431
mvr_msaldototal	0.00878849333422472	0.00318269295039119	0.00464289242319471
mcomisiones_otras	0.00800804751145421	0.00920501129037118	0.0116566235305739
numero_de_cliente	0.00799057297926829	0.00677468402275758	0.00948335473673812
cliente_antiguedad	0.00694911603062069	0.00709030598028187	0.00968092462708683
Visa_mfinanciacion_limite	0.00679040006558663	0.0105909125687892	0.0103724192433073
mvr_msaldopesos2	0.00633149537450172	0.00556728581312064	0.0104712041884817
mcomisiones	0.00619793998942275	0.00824012943531031	0.00869307517534328
div_cpayroll_trx_ctrx_quarter	0.00602260680268819	0.00114885618724618	0.00158055912278969
mul_ctarjeta_visa_ctrx_quarter	0.00598759845438944	0.00146376881506348	0.0017781290131384
mv_fechaalta	0.00576961178820706	0.00687276497587845	0.0073100859429023
thomebanking	0.00572603676832654	0.00298661040971107	0.00246962362935889
Visa_mpagospesos	0.00564283424494332	0.00510263517226233	0.0081991504494715
mcaja_ahorro_dolares	0.0056238709784136	0.0110887479351003	0.00750765583325101
suma_ctrx_quarter_cpayroll_trx	0.00553821328157884	0.000801825308710333	0.000493924725871777
Visa_Fvencimiento	0.0053574515950449	0.0043783301758654	0.0090882149560407
mv_msaldopesos	0.00533092940556261	0.00371066738872793	0.00385261286179986
div_ctarjeta_visa_cpayroll_trx	0.00527615244311492	0.000410052094810596	0.000691494616220488
mvr_msaldopesos	0.00524411707448374	0.00889372963699804	0.00849550528499457
div_ctrx_quarter_ccomisiones_otras	0.0052421911924355	0.00472506839389277	0.00800158055912279
Visa_mconsumospesos	0.00520043767590065	0.00523685721800641	0.0081991504494715
ccomisiones_mantenimiento	0.00510947041147084	0.0141839006710234	0.00325990319075373
mtransferencias_recibidas	0.00495777090088552	0.00290646607351657	0.00533438703941519
mtransferencias_emitidas	0.00494931692051144	0.0069914462525876	0.00582831176528697
mvr_mpagominimo	0.00493745436661889	0.00688737815991193	0.00681616121703053
div_cproductos_ccomisiones_otras	0.0046907825085894	0.00846002164447676	0.00760644077842537
div_ctrx_quarter_ctarjeta_visa_trx	0.00461907986110548	0.0041762852973685	0.00632223649115875
Master_mfinanciacion_limite	0.00460207515784743	0.00439538385091874	0.00701373110737924
mpayroll	0.00458796303136651	0.00557266779026807	0.00375382791662551
mul_ctarjeta_visa_trx_ctrx_quarter	0.00449828089438694	0.00503523396905562	0.00770522572359972
mul_ctarjeta_master_ctrx_quarter	0.00449372442463118	0.0021267242323273	0.00286476341005631
ccallcenter_trx	0.004490273610877	0.00476396743978231	0.00207448384866146
div_cproductos_ctarjeta_visa_trx	0.00448014081459023	0.00740148842670299	0.00602588165563568
mul_ctrx_quarter_ctarjeta_visa_trx	0.00441691469580545	0.00309595631223454	0.00454410747802035
cprestamos_personales	0.00438826702479877	0.00467949272013186	0.00197569890348711
mul_cpayroll_trx_ctarjeta_visa_trx	0.00420343887508663	0.0064249051116506	0.00167934406796404
div_ctarjeta_visa_trx_cmobile_app_trx	0.0040601734076116	0.00291263178558501	0.00592709671046133
mvr_mpagospesos	0.0039483901996519	0.00397247453512552	0.00563074187493826
ctransferencias_recibidas	0.00394805978212668	0.00862658019623383	0.0055319569297639
Visa_msaldopesos	0.00394631033847993	0.00775906004389164	0.00711251605255359
mcomisiones_mantenimiento	0.00392159469832038	0.00910082414935309	0.004445322532846
min_cproductos_ctrx_quarter	0.00386091622947685	0.000159524778858403	0.000493924725871777
mvr_Visa_mlimitecompra	0.00382802684285455	0.00763997697902678	0.00651980638150746
Visa_mlimitecompra	0.00370187168210172	0.00626323250228083	0.00622345154598439
div_cmobile_app_trx_ctrx_quarter	0.0036695409444488	0.00214828686335024	0.00523560209424084
Master_mlimitecompra	0.00366219520927987	0.00371375768528355	0.00681616121703053
Master_mpagospesos	0.00364052189293455	0.0131266373022356	0.00829793539464586
suma_cproductos_ctarjeta_visa_trx	0.00362464032061463	0.00151955784453551	0.00296354835523066
mv_mlimitecompra	0.00362003018217555	0.00370952154843203	0.00543317198458955
div_ctrx_quarter_ctarjeta_master	0.00352975462821687	0.00309931942790823	0.00523560209424084
mv_mfinanciacion_limite	0.00337850009007908	0.00493116587637995	0.0055319569297639
suma_ctarjeta_visa_trx_cproductos	0.00337224709253368	0.00115176791128815	0.00197569890348711
mul_cpayroll_trx_ctrx_quarter	0.00332869886699268	0.00405519329172511	0.0017781290131384
mv_mpagominimo	0.00331251991710593	0.00389798995554413	0.00523560209424084
min_cpayroll_trx_ctrx_quarter	0.00330333744384756	0.000327035717354929	0.000197569890348711
mtarjeta_visa_consumo	0.0032087472794054	0.00422824493849231	0.00701373110737924
mtarjeta_visa_debitos_automaticos	0.00317982199671733	0.00303024658755987	0.00464289242319471
mvr_mconsumospesos	0.00314976168250198	0.0029490953008023	0.00454410747802035
Visa_cconsumos	0.00308032278839684	0.00300299939818583	0.00484046231354342
div_cproductos_ctrx_quarter	0.00302423257087203	0.00231119955962034	0.00434653758767164
mv_mpagospesos	0.00301050645837496	0.00289571700026451	0.0055319569297639
div_ctrx_quarter_cmobile_app_trx	0.00300808894626972	0.00281557266407001	0.00424775264249728
ccaja_ahorro	0.00296055069580001	0.00982508450262161	0.00316111824557937
Visa_mpagado	0.00291666570935782	0.00478534157759639	0.00474167736836906
div_ccomisiones_otras_ctrx_quarter	0.00286803628811626	0.00208739363619645	0.00474167736836906
suma_ctarjeta_visa_trx_ccomisiones_otras	0.00285472980547603	0.00240179534821082	0.00434653758767164
div_ccomisiones_otras_cpayroll_trx	0.00281830996055654	0.00158818425359976	0.000987849451743554
div_ctarjeta_visa_trx_ctrx_quarter	0.00281810265716001	0.00320331311536987	0.004445322532846
mcuenta_debitos_automaticos	0.00277399241105676	0.00817799612125619	0.00375382791662551
mv_cconsumos	0.0026332821577628	0.0021094026985035	0.00375382791662551
min_ccomisiones_otras_cpayroll_trx	0.00263220164199222	0.0019886331154542	0.000395139780697422
ctarjeta_visa_debitos_automaticos	0.00263145526324839	0.00312709737447561	0.00335868813592808
cpagomiscuentas	0.00261421769829808	0.00728366032978127	0.00385261286179986
div_ctarjeta_visa_trx_cpayroll_trx	0.00258472504210171	0.00251712342994148	0.00108663439691791
mul_ctarjeta_visa_trx_ccomisiones_otras	0.00258400950045693	0.00468699772605265	0.00563074187493826
mvr_Master_mlimitecompra	0.00258262856329748	0.00511043779903921	0.00454410747802035
mul_cproductos_ccomisiones_otras	0.00256917188799815	0.00503625580066149	0.00701373110737924
ctransferencias_emitidas	0.00249360525461251	0.0101995907465212	0.00325990319075373
mautoservicio	0.00246706635564833	0.00528596465925946	0.00543317198458955
div_active_quarter_ccomisiones_otras	0.00241321111807315	0.00171139432766891	0.0035562580262768
mpagomiscuentas	0.0023807522370321	0.00713657610270697	0.004445322532846
div_ctarjeta_master_ctarjeta_visa_trx	0.00236441456605427	0.00128976478155683	0.00296354835523066
max_ctarjeta_visa_trx_cpayroll_trx	0.00234328230594145	0.00195546823139178	0.00207448384866146
ctarjeta_debito_trx	0.00228872200754127	0.00271362263982011	0.00474167736836906
Visa_msaldototal	0.00228496661209128	0.00393887314047419	0.00533438703941519
Visa_mconsumototal	0.00225789009804176	0.00210942750024151	0.00306233330040502
mv_msaldototal	0.00222133157778873	0.00259250583243871	0.00405018275214857
div_cproductos_cpayroll_trx	0.00221057147404019	0.000983527801694231	0.00187691395831275
div_ccomisiones_otras_ctarjeta_visa_trx	0.00216715454195441	0.00186140515982798	0.0035562580262768
div_cpayroll_trx_ctarjeta_visa_trx	0.00216668703353941	0.00317719688524893	0.00148177417761533
Visa_mpagominimo	0.00214668612586146	0.00412647844710366	0.00563074187493826
ccajas_consultas	0.00211495442910799	0.00865463592226689	0.00167934406796404
suma_ccomisiones_otras_ctrx_quarter	0.00205960236235123	0.00139810373351723	0.00237083868418453
div_ctarjeta_visa_trx_ctarjeta_master	0.00199292537218425	0.0017219152249313	0.004445322532846
mplazo_fijo_dolares	0.00198749849841646	0.012880008819498	0.00217326879383582
div_ctarjeta_master_ctrx_quarter	0.00198473458743911	0.00154468200513619	0.0035562580262768
div_cmobile_app_trx_ctarjeta_visa_trx	0.00198344226036606	0.00144504846321611	0.00296354835523066
mul_ctarjeta_visa_trx_cpayroll_trx	0.00196727959082338	0.00602017050946862	0.00187691395831275
div_cproductos_cmobile_app_trx	0.00196650444132246	0.00309459221664417	0.0035562580262768
div_ctrx_quarter_cproductos	0.00191451717108942	0.00284695182299595	0.00286476341005631
div_cpayroll_trx_ccomisiones_otras	0.001895662411148	0.00176659307577638	0.00148177417761533
min_ccomisiones_otras_ctarjeta_visa_trx	0.00189191765008353	0.00152906187053964	0.0017781290131384
div_ctarjeta_visa_trx_ccomisiones_otras	0.00187361224196745	0.00155473662972406	0.00306233330040502
mvr_mconsumototal	0.00184382692314362	0.00201576621683341	0.0026671935197076
resta_cproductos_ccomisiones_otras	0.00176710684769484	0.00114409425354891	0.00276597846488195
mv_mconsumospesos	0.00169451245018496	0.00153744485798587	0.00316111824557937
ctarjeta_debito	0.00166895611955838	0.00123514639411871	0.00237083868418453
suma_cproductos_ccomisiones_otras	0.00165958938160254	0.00241499979352553	0.00424775264249728
mdescubierto_preacordado	0.00165389249217176	0.00694354417580166	0.00148177417761533
max_ctarjeta_visa_trx_ccomisiones_otras	0.00163033668670533	0.00251464821648842	0.00246962362935889
div_ctarjeta_visa_ctrx_quarter	0.00160606288874804	0.00147292561673552	0.00227205373901017
Master_mpagominimo	0.00156671294291904	0.00344965885829415	0.00316111824557937
suma_ctarjeta_master_cpayroll_trx	0.00154532479960501	9.58041535718657e-05	0.000296354835523066
mextraccion_autoservicio	0.00149714473653106	0.00279815688364178	0.00256840857453324
suma_ctarjeta_visa_trx_cmobile_app_trx	0.00148857285550058	0.00128579154312818	0.00197569890348711
ccuenta_debitos_automaticos	0.00147410553730435	0.00889889335885101	0.00227205373901017
div_ccomisiones_otras_cproductos	0.00145706153472676	0.0023851484216608	0.00276597846488195
tcallcenter	0.0014432122608627	0.0013013075104251	0.000889064506569199
div_cmobile_app_trx_ccomisiones_otras	0.00144252525479374	0.000880446818191232	0.00246962362935889
mv_status02	0.00140953810750468	0.00743348266873149	0.000987849451743554
div_ccomisiones_otras_ctarjeta_master	0.0013909636974813	0.00351916324888383	0.00306233330040502
mvr_mpagado	0.00138127619966132	0.0039200932644556	0.00256840857453324
div_active_quarter_ctrx_quarter	0.00136382648264617	0.00144724589720349	0.00246962362935889
mul_ctrx_quarter_ctarjeta_master	0.00133723997514438	0.000663262958815102	0.00217326879383582
cseguro_accidentes_personales	0.00133156258311759	0.00669401885006494	0.00217326879383582
max_cproductos_ccomisiones_otras	0.00133028059898724	0.00126225965410752	0.00138298923244098
resta_cproductos_ctarjeta_visa_trx	0.00129873810483213	0.00088627026627518	0.00197569890348711
resta_ctarjeta_visa_trx_ccomisiones_otras	0.00128333419329858	0.00214010725015566	0.00207448384866146
Master_mconsumospesos	0.00124539632457979	0.00392435916339273	0.00523560209424084
mul_ccomisiones_otras_ctarjeta_visa_trx	0.00124036406339869	0.00160733615568845	0.00325990319075373
div_ctrx_quarter_active_quarter	0.00123728795728428	0.00126524082301591	0.00227205373901017
div_ctarjeta_visa_ccomisiones_otras	0.00122697463917733	0.00264087418189917	0.00256840857453324
Master_msaldopesos	0.00122690109243143	0.00422049687553905	0.00237083868418453
mul_ctarjeta_master_ccomisiones_otras	0.00122403684626672	0.00498355210739748	0.00256840857453324
div_ctarjeta_visa_trx_cproductos	0.00122085713413558	0.0020845612777161	0.00227205373901017
resta_cmobile_app_trx_cproductos	0.0012011172828875	0.00357441160046731	0.00197569890348711
resta_ccomisiones_otras_ctarjeta_visa_trx	0.00119285708169177	0.00146942361132899	0.0017781290131384
mv_status07	0.00116101941965965	0.000421907325577747	0.000296354835523066
Visa_fultimo_cierre	0.00115840506403415	0.000687127191125045	0.00128420428726662
div_ccomisiones_otras_cmobile_app_trx	0.00115496553277304	0.000630003828148261	0.00197569890348711
resta_ctrx_quarter_ctarjeta_visa_trx	0.00109657950009011	0.000753372633340654	0.00167934406796404
mul_cpayroll_trx_ccomisiones_otras	0.00109558479882037	0.00146229063147829	0.000987849451743554
mul_ctrx_quarter_ccomisiones_otras	0.00107227117375853	0.00317989035399645	0.004445322532846
Master_msaldototal	0.00106879881801793	0.00242275281682639	0.00207448384866146
resta_ctarjeta_visa_trx_ctrx_quarter	0.00105852908799958	0.00123062255710631	0.00167934406796404
resta_ctrx_quarter_ccomisiones_otras	0.00105388541906421	0.000494184550476559	0.00138298923244098
min_cpayroll_trx_ctarjeta_visa_trx	0.00103989033657649	0.000632434398472907	9.87849451743554e-05
mv_fultimo_cierre	0.00102877736482082	0.000961727073986437	0.00197569890348711
suma_ccomisiones_otras_cproductos	0.00102275371263861	0.00195835019334815	0.00246962362935889
min_cpayroll_trx_ccomisiones_otras	0.00101422671653005	0.00068304482504916	0.000197569890348711
mul_cmobile_app_trx_ctrx_quarter	0.000978117263674353	0.00145086695095245	0.00138298923244098
mvr_mpagosdolares	0.000977108838744088	0.00700090563546331	0.00375382791662551
mul_ctrx_quarter_cmobile_app_trx	0.000970553791279675	0.00163094244992312	0.00197569890348711
div_ctarjeta_visa_ctarjeta_visa_trx	0.00096582390154042	0.000663525857237972	0.00167934406796404
resta_cproductos_cmobile_app_trx	0.000959776003863503	0.00207099472702649	0.00148177417761533
div_ctarjeta_master_ccomisiones_otras	0.000957046333540701	0.000712871395175888	0.00148177417761533
suma_ccomisiones_otras_cpayroll_trx	0.000952532999351679	0.00173802643394038	0.00246962362935889
suma_cproductos_cpayroll_trx	0.000929373526797338	0.000940511667295597	0.00187691395831275
ccaja_seguridad	0.00090753655106965	0.00594557184189239	0.00118541934209227
Master_mconsumototal	0.000903533925228326	0.00226496911997605	0.00306233330040502
min_ctarjeta_visa_trx_ccomisiones_otras	0.000896967395293077	0.00133369361991411	0.00276597846488195
resta_ctarjeta_visa_trx_cproductos	0.000876286051267604	0.000725490519473643	0.00158055912278969
mul_cproductos_ctarjeta_visa_trx	0.000874208640482963	0.002251992850651	0.00217326879383582
cextraccion_autoservicio	0.000871712845516444	0.0017087405417022	0.00158055912278969
max_ccomisiones_otras_cproductos	0.000817207545393549	0.00106348860502749	0.00158055912278969
suma_ctarjeta_visa_trx_ctrx_quarter	0.000809283851472646	0.00129993845448714	0.00217326879383582
mvr_msaldodolares2	0.000804867460972164	0.00172907796686761	0.00167934406796404
resta_ctarjeta_master_cproductos	0.00080307212714758	0.00064925989753658	0.000889064506569199
mtarjeta_master_consumo	0.000794861314761905	0.00187639036993156	0.00197569890348711
div_cpayroll_trx_cmobile_app_trx	0.000794795805842739	0.0014641904446096	0.0026671935197076
ctarjeta_visa_trx	0.000794247653352839	0.00171462351395736	0.00187691395831275
div_cproductos_ctarjeta_master	0.000793906882496974	0.00263276897391862	0.00256840857453324
div_cmobile_app_trx_cproductos	0.000787126354984991	0.00040750743649112	0.00108663439691791
suma_ccomisiones_otras_ctarjeta_visa_trx	0.000783838220102434	0.00118012621852489	0.00256840857453324
Visa_mconsumosdolares	0.000782313721454724	0.00074274756877863	0.00158055912278969
mv_mpagado	0.000769418778406591	0.00352157893816567	0.00325990319075373
Master_status	0.0007633132128166	0.00182787817039067	0.000296354835523066
max_ctarjeta_visa_trx_cproductos	0.00075593486795633	0.00054256778097982	0.000493924725871777
div_cproductos_active_quarter	0.000749450272394238	0.000793268709098059	0.00118541934209227
resta_ctrx_quarter_cproductos	0.000738651718322323	0.000374337592081103	0.000987849451743554
suma_ctrx_quarter_ctarjeta_visa_trx	0.00073656570597473	0.00112009609185373	0.0017781290131384
mv_Finiciomora	0.000736394531544103	0.00215846053628054	0.000592709671046133
resta_ccomisiones_otras_ctrx_quarter	0.000732939617031145	0.00176018926702308	0.00167934406796404
div_active_quarter_ctarjeta_visa_trx	0.000728418277653845	0.00173915739319349	0.00108663439691791
resta_ccomisiones_otras_cproductos	0.000692884085368446	0.000869747348415188	0.00128420428726662
mul_cproductos_ctarjeta_master	0.00068464687582216	0.000910571009174039	0.000790279561394844
mv_status01	0.00068445123511145	0.00139916524790391	0.000296354835523066
div_ccomisiones_otras_ctarjeta_visa	0.000677645291197873	0.000306326266119425	0.000691494616220488
mv_mconsumototal	0.000675071452289804	0.000605236812574878	0.00148177417761533
Master_fultimo_cierre	0.000672848074657457	0.000610792401888355	0.00118541934209227
mul_ctrx_quarter_cpayroll_trx	0.000664785127586149	0.00212239880921896	0.000790279561394844
tmobile_app	0.000657140716437773	0.00631682905811308	0.000987849451743554
div_cproductos_ctarjeta_visa	0.000649022430646839	0.000609438226993195	0.00138298923244098
min_ctarjeta_visa_trx_cpayroll_trx	0.000644814207795692	0.000643039621644526	0.000197569890348711
resta_cproductos_cpayroll_trx	0.000633013470554214	0.000894876469363467	0.00128420428726662
suma_cproductos_cmobile_app_trx	0.000625752321488362	0.00181001099833072	0.00148177417761533
suma_cpayroll_trx_ccomisiones_otras	0.00061863020049167	0.00174198479132624	0.0026671935197076
mul_cproductos_ctarjeta_visa	0.00061742224794907	0.000986980203624749	0.000790279561394844
suma_cmobile_app_trx_cproductos	0.000617151965232732	0.000321901757587565	0.000691494616220488
max_ctarjeta_visa_ctrx_quarter	0.00061067993361364	0.000538252278566673	0.00138298923244098
mul_ctarjeta_master_ctarjeta_visa_trx	0.000606525475787075	0.00117855378833527	0.00207448384866146
mv_mconsumosdolares	0.000597514410798673	0.00167138416391667	0.000987849451743554
resta_ctarjeta_visa_ctrx_quarter	0.000578225303526325	0.000267863730818801	0.000790279561394844
div_active_quarter_cproductos	0.000559780493137296	0.00091019898310394	0.000987849451743554
resta_ccomisiones_otras_cmobile_app_trx	0.000559424543562277	0.000997476299149139	0.00108663439691791
Master_cconsumos	0.000557568294330053	0.00331871560231455	0.004445322532846
resta_ccomisiones_otras_ctarjeta_master	0.000549728605026436	0.000446867794707582	0.000493924725871777
mul_ctarjeta_visa_trx_cproductos	0.000547830423285426	0.0010537415219909	0.00118541934209227
resta_active_quarter_ctrx_quarter	0.000546445885097911	0.000467468118295858	0.000691494616220488
div_ctarjeta_visa_trx_active_quarter	0.000537773656978071	0.000473415575069839	0.000987849451743554
resta_cproductos_ctrx_quarter	0.000536897838419086	0.000793015731370392	0.00128420428726662
mul_ctrx_quarter_ctarjeta_visa	0.000520912844226386	0.000777708098672723	0.00158055912278969
max_ctarjeta_master_cpayroll_trx	0.000513701176329406	0.000371673885419195	0.000395139780697422
resta_cpayroll_trx_cproductos	0.000509579189683502	0.000570544141451256	0.000889064506569199
mv_status06	0.000502277831882449	5.84725775243426e-05	9.87849451743554e-05
resta_cpayroll_trx_ctrx_quarter	0.000500749432548222	0.000260552178454457	0.000790279561394844
suma_active_quarter_ctrx_quarter	0.000486293340594369	3.303095467718e-05	9.87849451743554e-05
tpaquete9	0.000484543444175984	0.0020567238069775	0.000493924725871777
matm	0.000478545573864509	0.000915700008593802	0.00118541934209227
div_ctarjeta_visa_trx_ctarjeta_visa	0.00047302839894938	0.000909777353557828	0.00158055912278969
mul_ctarjeta_visa_trx_ctarjeta_master	0.000472498094471242	0.00129313285757813	0.00256840857453324
div_ctarjeta_master_cproductos	0.000472436900692077	0.000673868181986721	0.000987849451743554
max_ctarjeta_visa_trx_ctarjeta_master	0.000472337738186715	0.000236926042829377	0.000395139780697422
div_cmobile_app_trx_ctarjeta_master	0.000468713869036816	0.000243930053642439	0.000691494616220488
ctrx_quarter	0.000458576505430264	0.000250656284989827	0.000790279561394844
resta_ctrx_quarter_cpayroll_trx	0.000456509947692489	0.000419273381001447	0.000592709671046133
mul_ccomisiones_otras_cproductos	0.000456083834337923	0.00190958501607959	0.00286476341005631
mul_ctarjeta_visa_trx_cmobile_app_trx	0.000455134582884127	0.000345567575993455	0.000691494616220488
resta_cmobile_app_trx_ccomisiones_otras	0.000450760346976517	0.000460687323124855	0.000889064506569199
resta_cproductos_ctarjeta_master	0.000443189506449344	0.000728635379852879	0.00138298923244098
mul_ccomisiones_otras_ctarjeta_master	0.000442338194353247	0.000737301107112382	0.00118541934209227
max_cproductos_ctrx_quarter	0.000440820832651226	0.00055569782108051	0.00108663439691791
min_cproductos_ccomisiones_otras	0.00043973989709654	0.00061156621611416	0.00108663439691791
mvr_mconsumosdolares	0.000433160028241424	0.000672528888134365	0.00108663439691791
Visa_delinquency	0.000433002710063487	0.000416193005141028	0.000197569890348711
resta_cpayroll_trx_ctarjeta_master	0.000427596355496703	0.000151325324273424	0.000296354835523066
resta_ctarjeta_visa_trx_cmobile_app_trx	0.000426395740461711	0.000899578878889517	0.00118541934209227
suma_active_quarter_cproductos	0.000421856801799048	0.000413787236554389	0.000296354835523066
mul_ctarjeta_visa_ccomisiones_otras	0.00041124313841113	0.00257156324486595	0.00158055912278969
suma_ctarjeta_master_ccomisiones_otras	0.000409207747814291	0.000554988491373522	0.000889064506569199
cinversion1	0.000396455310871665	0.00376065777185402	0.000493924725871777
tpaquete7	0.000396060568070748	0.00367457589958074	0.000493924725871777
mcheques_emitidos	0.000393655382627057	0.00158123976695791	0.000197569890348711
resta_ccomisiones_otras_cpayroll_trx	0.00039268858829637	0.000366341511747777	0.000790279561394844
suma_active_quarter_ctarjeta_visa_trx	0.00038776805602047	0.000279649516719534	0.000197569890348711
Visa_mpagosdolares	0.000386162788238857	0.00295333639800143	0.00227205373901017
min_ccomisiones_otras_cmobile_app_trx	0.000377713148851053	1.75596305086675e-05	9.87849451743554e-05
mv_msaldodolares	0.000377519114103813	0.00159029736167792	0.00108663439691791
resta_active_quarter_ctarjeta_visa_trx	0.000374464691201333	0.000618808323612086	0.000592709671046133
mttarjeta_master_debitos_automaticos	0.000362335146572873	0.000486798592898196	0.000691494616220488
Visa_Finiciomora	0.000358000994459773	0.00175757020348958	0.000395139780697422
min_ctrx_quarter_cproductos	0.000357092046808646	9.86662741378265e-05	0.000395139780697422
Visa_msaldodolares	0.000355046016169499	0.00059576254865636	0.000889064506569199
max_cproductos_ctarjeta_visa_trx	0.000353961636685772	0.00061781129374422	0.000395139780697422
div_cpayroll_trx_cproductos	0.000353148820801169	0.000211593547629444	0.000493924725871777
max_cpayroll_trx_cmobile_app_trx	0.000350141766786709	9.11662285646329e-05	0.000296354835523066
ccajas_trx	0.000338759505036796	0.000830109210733051	0.000296354835523066
cproductos	0.000332491913111656	0.00010654330612872	0.000197569890348711
max_ccomisiones_otras_ctarjeta_visa_trx	0.000332354871022677	0.000181548722208257	0.000592709671046133
suma_cmobile_app_trx_ccomisiones_otras	0.000331141761951602	0.000708893196399631	0.00108663439691791
Master_mpagado	0.000330775078878044	0.00618997808890456	0.00108663439691791
suma_ccomisiones_otras_ctarjeta_master	0.000326153130902959	0.000436669320039271	0.000691494616220488
mul_active_quarter_ctrx_quarter	0.000325743035852165	0.000250348743438545	0.00108663439691791
suma_ctarjeta_master_ctarjeta_visa_trx	0.000319472665572829	0.000829628057015724	0.00108663439691791
resta_ctrx_quarter_ctarjeta_master	0.000318902547447384	0.000687732353532406	0.000691494616220488
div_cmobile_app_trx_active_quarter	0.000318234281675162	0.000116657454887809	0.000493924725871777
resta_cpayroll_trx_cmobile_app_trx	0.000316830377013143	0.000251350733654012	0.000889064506569199
suma_ctrx_quarter_ccomisiones_otras	0.000309655141862714	0.000512478312430222	0.00148177417761533
suma_ctarjeta_visa_trx_ctarjeta_master	0.000309453582883224	0.00125635684046195	0.000889064506569199
resta_ctarjeta_visa_trx_cpayroll_trx	0.000307193423751858	0.000733089771998863	0.000987849451743554
suma_ctarjeta_master_cproductos	0.000306137166249527	0.000418390439128412	0.000493924725871777
mul_ccomisiones_otras_cmobile_app_trx	0.000302948195981723	0.000645266817717518	0.000592709671046133
suma_cmobile_app_trx_ctarjeta_visa_trx	0.000301837358224322	0.000174594314871209	0.000296354835523066
suma_cpayroll_trx_ctarjeta_visa_trx	0.000299681806223625	0.00069007859794783	0.00128420428726662
resta_ctarjeta_master_ctrx_quarter	0.000282829349069886	0.000247565988434206	0.000790279561394844
mv_status04	0.000278174373138728	2.06796891498969e-05	9.87849451743554e-05
mul_cproductos_cmobile_app_trx	0.000277795903055763	0.000289555330879367	0.000790279561394844
suma_cproductos_active_quarter	0.000277194139429769	0.000587181147306079	0.000395139780697422
div_ccomisiones_otras_active_quarter	0.000274503108389096	0.000217312828413764	0.000493924725871777
resta_ctrx_quarter_cmobile_app_trx	0.000269385486429664	0.000287154522640329	0.000790279561394844
mtarjeta_visa_descuentos	0.000261577009391693	0.00251955896061372	0.00118541934209227
mul_active_quarter_cproductos	0.000257658771324698	0.000105551236608457	0.000296354835523066
resta_cproductos_ctarjeta_visa	0.000249852451368865	0.000690495267146341	0.000592709671046133
Master_mpagosdolares	0.000249721920362043	0.000708312835730277	0.00158055912278969
ctarjeta_master_debitos_automaticos	0.000247631988872358	0.00279770053166246	0.000790279561394844
Visa_status	0.000243190541050086	0.000473777680444735	9.87849451743554e-05
min_cproductos_ctarjeta_visa_trx	0.000242497309662904	0.00100102294768408	0.00197569890348711
resta_cpayroll_trx_ctarjeta_visa_trx	0.000241185087554779	0.000885928002290689	0.000493924725871777
tpaquete1	0.000240768128778709	0.00450779028791222	0.000592709671046133
resta_cmobile_app_trx_ctrx_quarter	0.000231875679713031	0.000334381992152482	0.000691494616220488
mul_ctarjeta_master_cproductos	0.000230985143630219	0.000630663554379237	0.000592709671046133
catm_trx	0.000228771159624613	0.000784612902533758	0.000592709671046133
suma_cpayroll_trx_cproductos	0.000227622669559696	0.00053812826987664	0.00148177417761533
resta_active_quarter_cproductos	0.000218196115725298	0.000235403216115773	0.000493924725871777
mvr_msaldodolares	0.000213271264958336	0.00270646981857901	0.000889064506569199
cplazo_fijo	0.000210326479995127	0.00111568138248856	0.000296354835523066
mul_cmobile_app_trx_ccomisiones_otras	0.000210213045524387	0.000154723162380327	0.000493924725871777
internet	0.00020337076507449	0.00183902407145083	0.000395139780697422
div_ctarjeta_master_active_quarter	0.000202362552209439	9.09231715321683e-05	0.000296354835523066
suma_ctarjeta_master_ctrx_quarter	0.000197794713000407	0.000355919821437407	0.000296354835523066
max_ctarjeta_master_ctarjeta_visa_trx	0.000194720105166301	7.08734465276389e-05	0.000197569890348711
max_active_quarter_ctrx_quarter	0.000192437409119918	0.000145238977766606	0.000296354835523066
max_ctrx_quarter_cproductos	0.000191964313466344	0.000189381111070739	0.000592709671046133
mul_cmobile_app_trx_ctarjeta_visa_trx	0.000190265349873733	0.000256316041602931	0.000592709671046133
ccajas_extracciones	0.000189398470632798	0.0011481766196248	0.000296354835523066
suma_ctrx_quarter_cmobile_app_trx	0.000188524003095267	0.000724885357066282	0.000592709671046133
minversion1_pesos	0.000183713523521365	0.00148794554927231	0.000197569890348711
max_ctrx_quarter_ctarjeta_visa	0.00017802862892949	0.000281529488460433	0.000493924725871777
resta_active_quarter_ctarjeta_master	0.000177684772079605	0.000101156368633688	9.87849451743554e-05
resta_cmobile_app_trx_ctarjeta_visa_trx	0.00017740755583822	0.000412869572248145	0.000987849451743554
resta_active_quarter_cmobile_app_trx	0.000174892757329428	9.30114778723234e-05	0.000197569890348711
mul_ctrx_quarter_active_quarter	0.000172893670909475	0.000125095006157652	0.000493924725871777
mv_mpagosdolares	0.000160504862072593	0.00236331297151979	0.00207448384866146
mul_cmobile_app_trx_cproductos	0.000159321228563044	0.000234842696836824	0.000691494616220488
max_cproductos_cpayroll_trx	0.000153014925305951	0.000100789302911191	0.000395139780697422
resta_ctarjeta_master_ccomisiones_otras	0.000152168841670517	0.000389139269323437	0.000691494616220488
resta_ctarjeta_master_ctarjeta_visa_trx	0.000150398705355258	0.000115442169725486	0.000296354835523066
max_ctarjeta_master_cmobile_app_trx	0.000149863909369924	0.000165333345899547	0.000197569890348711
suma_cpayroll_trx_ctrx_quarter	0.000147993277953345	0.00046807824105082	0.000987849451743554
resta_cmobile_app_trx_cpayroll_trx	0.000147030659948631	0.000102158358849155	0.000296354835523066
suma_ctarjeta_master_cmobile_app_trx	0.000144027114008088	0.000145258819157011	0.000395139780697422
mul_ctarjeta_visa_trx_ctarjeta_visa	0.000141058473203663	9.94103262780243e-05	0.000197569890348711
ccheques_emitidos	0.000139980201509535	0.000790619883478955	9.87849451743554e-05
div_cpayroll_trx_ctarjeta_visa	0.000137166880476098	0.000368221483488677	0.000790279561394844
resta_ctrx_quarter_ctarjeta_visa	0.000137148226267001	0.000251018390364723	0.000592709671046133
div_cmobile_app_trx_cpayroll_trx	0.000136337415703152	0.000178408822176623	0.000395139780697422
div_ctarjeta_visa_cproductos	0.000134090247601198	0.000256673186630226	0.000395139780697422
resta_cproductos_active_quarter	0.000133609121931114	0.000124474962707487	0.000296354835523066
max_cpayroll_trx_cproductos	0.000131918650873211	0.000115903482052408	0.000395139780697422
resta_ctarjeta_visa_trx_ctarjeta_master	0.000128948397890044	0.000149549519832152	0.000197569890348711
suma_active_quarter_ctarjeta_visa	0.000128170354586341	0.000177396911265954	9.87849451743554e-05
div_ctarjeta_master_cmobile_app_trx	0.0001185182016031	0.000200283955098437	0.000197569890348711
suma_cpayroll_trx_cmobile_app_trx	0.000111788042809751	4.82493011180252e-05	9.87849451743554e-05
suma_ctarjeta_visa_cproductos	0.00011082637899062	9.52535549881194e-05	0.000197569890348711
resta_ctarjeta_master_cmobile_app_trx	0.000108700740380784	0.000133279579699827	0.000296354835523066
suma_ctarjeta_visa_ctarjeta_master	0.000107112101479066	5.93555193973773e-05	0.000197569890348711
max_ctarjeta_visa_trx_cmobile_app_trx	0.000105417280397608	8.02981069701441e-05	0.000296354835523066
ctarjeta_master_trx	0.000102461693064371	0.000495890910051413	0.00148177417761533
max_ctarjeta_master_ctrx_quarter	9.98605037034123e-05	0.000246276298057863	0.000296354835523066
resta_ctrx_quarter_active_quarter	9.80251415373409e-05	0.000167515898844127	0.000197569890348711
ctarjeta_visa_descuentos	9.80118309944591e-05	0.000905060062988974	0.000592709671046133
suma_cmobile_app_trx_ctarjeta_master	9.72061782744617e-05	0.000171930608209301	9.87849451743554e-05
mul_cmobile_app_trx_cpayroll_trx	9.4052104512591e-05	4.88594238729873e-05	9.87849451743554e-05
mul_active_quarter_ctarjeta_visa_trx	9.27838534765419e-05	9.23567119889493e-05	0.000197569890348711
div_active_quarter_ctarjeta_master	9.25092295723631e-05	4.93356172427139e-05	0.000197569890348711
resta_ctarjeta_visa_ctarjeta_visa_trx	9.12820050767554e-05	0.000324724195372715	0.000493924725871777
resta_ctarjeta_visa_cpayroll_trx	8.84969253966868e-05	7.14835692826011e-05	9.87849451743554e-05
suma_ctarjeta_visa_ccomisiones_otras	8.76882913702372e-05	4.44893576362257e-05	0.000197569890348711
div_ctarjeta_visa_cmobile_app_trx	8.73993734475412e-05	2.11459618244208e-05	9.87849451743554e-05
div_cpayroll_trx_ctarjeta_master	8.70863676388439e-05	7.19845643903342e-05	0.000296354835523066
suma_ctarjeta_visa_ctrx_quarter	8.29184756734556e-05	4.93951414139297e-05	0.000197569890348711
suma_cmobile_app_trx_cpayroll_trx	8.1569880741379e-05	9.5918241566696e-05	0.000197569890348711
resta_cmobile_app_trx_ctarjeta_visa	8.1338913209191e-05	2.3313633726197e-05	9.87849451743554e-05
suma_ctrx_quarter_ctarjeta_visa	8.11399285679078e-05	4.08435021492566e-05	0.000197569890348711
cseguro_auto	7.74436570950196e-05	0.00237185965043686	0.000296354835523066
catm_trx_other	7.62987788467896e-05	0.000528227416064408	0.000197569890348711
mul_cproductos_cpayroll_trx	7.52924456656741e-05	0.00045205135795096	0.000395139780697422
min_ctrx_quarter_ccomisiones_otras	7.52754066083133e-05	0.000627255795577131	9.87849451743554e-05
div_ctarjeta_master_cpayroll_trx	7.4516501269771e-05	0.000430687140832081	0.000592709671046133
min_ctarjeta_visa_trx_cproductos	7.423037439112e-05	0.000902679096140341	0.00158055912278969
cforex	7.40967227419851e-05	0.000415414230567621	9.87849451743554e-05
max_ctrx_quarter_ccomisiones_otras	7.34540714224077e-05	6.83188675129598e-05	0.000197569890348711
suma_ctarjeta_visa_cmobile_app_trx	6.89509622197401e-05	1.93999194687567e-05	9.87849451743554e-05
suma_cmobile_app_trx_ctrx_quarter	6.80151494101286e-05	1.72471286097845e-05	9.87849451743554e-05
suma_cproductos_ctarjeta_visa	6.40435893543482e-05	0.000119603901362992	9.87849451743554e-05
min_ccomisiones_otras_cproductos	6.28421543615644e-05	0.000674607273779317	0.000889064506569199
resta_cpayroll_trx_ccomisiones_otras	6.20338249709908e-05	0.000341807632511656	0.000691494616220488
max_cmobile_app_trx_ctarjeta_master	6.14546354194789e-05	0.00017441078200996	9.87849451743554e-05
resta_cmobile_app_trx_ctarjeta_master	6.04204002359618e-05	0.000121275538504636	0.000197569890348711
max_cmobile_app_trx_ctarjeta_visa_trx	6.03243938076596e-05	0.000204063739970642	0.000197569890348711
max_ctarjeta_visa_cpayroll_trx	5.92695965948089e-05	0.000252620582639949	0.000296354835523066
mcaja_ahorro_adicional	5.82730347571355e-05	0.000668481244491689	9.87849451743554e-05
ccajeros_propios_descuentos	5.69864795275266e-05	0.00161275781561669	0.000296354835523066
resta_cpayroll_trx_ctarjeta_visa	5.51614908880891e-05	4.04714760791577e-05	0.000197569890348711
resta_ctarjeta_visa_ccomisiones_otras	5.50851638345884e-05	0.000299183365573526	0.000296354835523066
max_ctrx_quarter_cpayroll_trx	5.20819578353612e-05	0.000132634734511656	0.000197569890348711
mul_ccomisiones_otras_ctarjeta_visa	5.03330391570545e-05	9.84678602337737e-05	0.000395139780697422
minversion2	4.9608572806033e-05	0.00150751908090711	0.000197569890348711
suma_ccomisiones_otras_cmobile_app_trx	4.56748940261763e-05	0.000197610327741327	0.000592709671046133
matm_other	4.32721035083059e-05	4.85171598884964e-05	9.87849451743554e-05
min_ctarjeta_visa_trx_ctrx_quarter	4.1705125888724e-05	0.000191504139844104	9.87849451743554e-05
mul_ctarjeta_visa_ctarjeta_visa_trx	4.05239250171266e-05	0.000228925002148451	0.000395139780697422
suma_cpayroll_trx_active_quarter	3.79528334535225e-05	5.30459572485002e-05	9.87849451743554e-05
resta_cmobile_app_trx_active_quarter	3.59698628923591e-05	5.07046731806778e-05	0.000197569890348711
suma_cproductos_ctarjeta_master	3.47417167491075e-05	2.31400215601508e-05	9.87849451743554e-05
ccheques_depositados	3.42301314574208e-05	0.000703263201872134	9.87849451743554e-05
mcheques_depositados	3.33644045641053e-05	0.00074440432487747	9.87849451743554e-05
max_ccomisiones_otras_ctrx_quarter	2.94158282553792e-05	5.07790783946976e-05	0.000197569890348711
ctrx_quarter_normalizado	2.70041525357586e-05	9.71087249910125e-05	0.000296354835523066
resta_ctarjeta_visa_ctarjeta_master	2.23361356217649e-05	0.000234862538227229	9.87849451743554e-05
cseguro_vida	2.17566336745024e-05	8.27088359043848e-05	9.87849451743554e-05
suma_ccomisiones_otras_ctarjeta_visa	1.95732651631197e-05	0.000405939966649103	0.000395139780697422
mul_ccomisiones_otras_cpayroll_trx	1.93872797989225e-05	0.000206107403182385	0.000592709671046133
div_active_quarter_cmobile_app_trx	1.68482995211922e-05	3.86361474666699e-05	9.87849451743554e-05
mcajeros_propios_descuentos	1.46978681340451e-05	0.000545752324139867	0.000296354835523066
min_ccomisiones_otras_ctrx_quarter	1.32199730922197e-05	1.7177683743366e-05	9.87849451743554e-05
mul_cpayroll_trx_cproductos	1.09595077788508e-05	0.000125005719900828	0.000296354835523066
max_active_quarter_ctarjeta_visa_trx	1.04206899481589e-05	0.000253513445208186	9.87849451743554e-05
Master_mconsumosdolares	1.0156287312154e-05	0.000238562957537812	0.000790279561394844
max_ctrx_quarter_ctarjeta_visa_trx	7.81637009021991e-06	1.7505066685053e-05	9.87849451743554e-05
resta_ctarjeta_visa_trx_ctarjeta_visa	5.6660116743801e-06	0.000219232482935474	0.000296354835523066
max_ctarjeta_visa_trx_ctrx_quarter	4.53287656796516e-06	0.000107748670595841	0.000197569890348711
suma_ctarjeta_visa_trx_active_quarter	3.59143945237625e-06	1.70735164437383e-05	9.87849451743554e-05
max_ctrx_quarter_ctarjeta_master	9.27068191470021e-08	2.33979596354194e-05	9.87849451743554e-05
max_active_quarter_cpayroll_trx	7.54812380399259e-08	1.71280802673528e-05	9.87849451743554e-05
suma_cpayroll_trx_ctarjeta_visa	3.30011826265378e-08	0.000225730538293201	0.000493924725871777
div_active_quarter_cpayroll_trx	1.3019680287734e-08	0.000250199933010506	0.000592709671046133
max_ctrx_quarter_active_quarter	6.69194644761278e-09	3.43603278343333e-05	9.87849451743554e-05
max_cpayroll_trx_ctarjeta_visa	4.44860894758027e-09	3.84774163434277e-05	9.87849451743554e-05
suma_ctarjeta_visa_trx_ctarjeta_visa	1.13681028130886e-09	1.68651818444829e-05	9.87849451743554e-05
suma_ctarjeta_visa_cpayroll_trx	9.73895733222335e-10	0.000242853658212953	0.000493924725871777
cpayroll_trx	8.49214184229674e-10	8.4425116174441e-05	0.000197569890348711
div_cpayroll_trx_active_quarter	4.00028168750408e-10	0.000110218923701297	0.000296354835523066
mul_ctarjeta_visa_trx_active_quarter	2.97761501389068e-10	2.63940095866158e-05	9.87849451743554e-05
suma_cpayroll_trx_ctarjeta_master	2.00528677403648e-10	7.8428055924447e-05	9.87849451743554e-05
resta_ctarjeta_master_cpayroll_trx	1.1812093511343e-10	0.000102272446843985	0.000296354835523066
resta_ccomisiones_otras_ctarjeta_visa	2.65482306179886e-11	0.000487051570625863	0.000296354835523066
mul_ctarjeta_visa_cproductos	2.24056972712631e-11	9.78081340027984e-05	9.87849451743554e-05
ccomisiones_otras	1.80615335314258e-11	0.000269416319618014	0.000395139780697422
max_ccomisiones_otras_cpayroll_trx	1.39808273328692e-11	0.000223815844119093	0.000395139780697422
Master_cadelantosefectivo	9.51742884111802e-12	0.00038997756806806	0.000889064506569199
max_cproductos_active_quarter	7.65752414734895e-12	8.68457658038845e-05	9.87849451743554e-05
max_ctarjeta_visa_ccomisiones_otras	7.551718228305e-12	0.000190531911714245	9.87849451743554e-05
mul_ccomisiones_otras_active_quarter	4.6299882622694e-12	0.000179316565787664	9.87849451743554e-05
Master_madelantopesos	4.55027201755929e-12	0.000314366989581162	0.000790279561394844
max_cpayroll_trx_ccomisiones_otras	2.55134022431348e-12	8.04419570505823e-05	0.000197569890348711
max_ctarjeta_master_ccomisiones_otras	1.79985707079152e-12	0.000140734982144609	9.87849451743554e-05
Master_madelantodolares	4.8449325583033e-13	0.000131201194054875	0.000395139780697422
resta_ctarjeta_visa_cproductos	4.45185229865587e-13	3.30507960675852e-05	9.87849451743554e-05
max_cpayroll_trx_ctarjeta_master	6.24889252817802e-14	2.66817097474923e-05	9.87849451743554e-05
