fecha	cp	minsplit	minbucket	maxdepth	xval_folds	ganancia	iteracion
20220526 010407	-0.248145415437466	785	343	13	5	9400000	1
20220526 010551	-0.21482363025425	4736	1936	14	5	9639000	2
20220526 010710	-0.556476043138537	7969	1053	6	5	7439000	3
20220526 010901	-0.632925120854634	6300	1637	10	5	7426000	4
20220526 011010	0.0695892014933635	2362	798	17	5	0	5
20220526 011203	-0.913664218196936	2764	920	6	5	11184000	6
20220526 011416	-0.467148163495585	4108	738	11	5	11273000	7
20220526 011516	-0.387294672690041	3772	1294	3	5	10201000	8
20220526 011715	-0.755509450673708	5398	1534	19	5	9833000	9
20220526 012009	-0.321177131707373	6873	18	20	5	6690000	10
20220526 012217	-0.976015385324718	1527	607	15	5	10375000	11
20220526 012318	-0.0409745259777992	3185	386	4	5	11058000	12
20220526 012418	0.0306005280828687	5619	1450	17	5	0	13
20220526 012539	-0.798601331852842	7292	151	7	5	7328000	14
20220526 012745	-0.678931330610067	6543	435	14	5	7581000	15
20220526 012913	-0.0948879212839528	2751	1212	7	5	10909000	16
20220526 013031	-0.21681292546498	3642	800	6	5	11377000	17
20220526 013210	-0.374872193084617	3876	1936	11	5	9851000	18
20220526 013301	-0.135143187512314	2375	831	3	5	10201000	19
20220526 013438	-0.454191226922057	2143	11	8	5	10647000	20
20220526 013602	-0.15088950323801	4664	3	7	5	11105000	21
20220526 013741	-0.999625227890218	757	378	7	5	9702000	22
20220526 013927	-0.903688599861844	2824	1406	11	5	10961000	23
20220526 014118	-0.892744940673334	2630	1311	20	5	11187000	24
20220526 014315	-0.814718379018121	1815	905	17	5	10620000	25
20220526 014455	-0.260805289406459	4337	625	9	5	11273000	26
20220526 014636	-0.940553180508156	3939	1964	17	5	9946000	27
20220526 014755	-0.177372066386794	4740	1790	6	5	9712000	28
20220526 014932	-0.206049715462618	3310	359	8	5	10813000	29
20220526 015052	-0.312884480696008	4257	244	6	5	10959000	30
20220526 015211	-0.0957043978975368	4087	467	6	5	11224000	31
20220526 015404	-0.493697386213159	2124	999	13	5	11260000	32
20220526 015506	-0.759820709494815	1951	971	4	5	10727000	33
20220526 015628	-0.496575494306724	2729	911	6	5	11184000	34
20220526 015720	-0.965693172448922	2924	1457	3	5	10046000	35
20220526 015909	-0.419181811345155	3590	887	13	5	11298000	36
20220526 020045	-0.843229550429918	2146	1071	8	5	10770000	37
20220526 020350	-0.90762683904013	3460	2	20	5	10922000	38
20220526 020543	-0.597221754902622	2749	1032	20	5	11146000	39
20220526 020752	-0.908268069862263	2947	1	11	5	10856000	40
20220526 020945	-0.743362288205024	3023	929	20	5	11184000	41
20220526 021131	-0.273220363253579	3652	1043	10	5	11224000	42
20220526 021326	-0.546860303801643	3062	788	13	5	11226000	43
20220526 021702	-0.643811103680188	4	1	20	5	6794000	44
20220526 021852	-0.89865524609788	3512	863	19	5	11377000	45
20220526 022038	-0.505449842795574	3371	1216	16	5	11195000	46
20220526 022203	-0.243961229300444	4259	831	7	5	11310000	47
20220526 022345	-0.55274309968936	3440	1720	20	5	10031000	48
20220526 022536	-0.893838956112538	2994	1029	15	5	11146000	49
20220526 022727	-0.99989588110883	3250	843	20	5	11263000	50
20220526 022835	-0.0678151116457403	4714	1	5	5	8920000	51
20220526 023023	-0.352239024687116	3916	2	10	5	11256000	52
20220526 023212	-0.574313381816474	2742	1226	15	5	10904000	53
20220526 023301	0.0998092212109135	2701	624	6	5	0	54
20220526 023432	-0.36088558813969	3102	579	7	5	11382000	55
20220526 023521	-0.378814052161069	3484	1	3	5	8538000	56
20220526 023705	-0.339485487648204	3450	733	10	5	11340000	57
20220526 023854	-0.435404841225346	2669	581	10	5	11212000	58
20220526 024027	-0.158036242115419	4628	614	8	5	11148000	59
20220526 024214	-0.942820776001218	4059	1015	20	5	11196000	60
20220526 024328	-0.0558668412686053	1095	541	5	5	10327000	61
20220526 024548	-0.999976567845333	5660	155	20	5	7080000	62
20220526 024738	-0.999583910511039	2464	1232	20	5	10904000	63
20220526 024932	-0.923558639030989	2513	864	20	5	11274000	64
20220526 025058	-0.218990740856294	3775	1220	7	5	11190000	65
20220526 025225	-0.286744400399746	3594	645	7	5	11340000	66
20220526 025344	-0.137063697205339	3709	539	6	5	11340000	67
20220526 025614	-0.49149530264975	2991	157	20	5	10341000	68
20220526 025748	-0.361320717117271	3813	998	8	5	11196000	69
20220526 025942	-0.355849992268613	3200	362	11	5	10810000	70
20220526 030133	-0.52914640056522	3059	922	20	5	11184000	71
20220526 030314	-0.269966278333131	4039	2	9	5	11263000	72
20220526 030507	-0.482783470960753	3087	808	15	5	11263000	73
20220526 030628	-0.342832245859821	2028	1013	6	5	11293000	74
20220526 030816	-0.801970671874599	3475	1107	20	5	11221000	75
20220526 030959	-0.415188862389494	2341	1168	9	5	11044000	76
20220526 031049	-0.0457622700908815	3020	988	3	5	10201000	77
20220526 031218	-0.0993567345773048	3105	516	7	5	11400000	78
20220526 031431	-0.504747393778768	4019	2	13	5	11134000	79
20220526 031616	-0.968124674496663	3242	891	10	5	11184000	80
20220526 031805	-0.706687392578056	2858	1307	20	5	11187000	81
20220526 031952	-0.76066035138311	3189	1261	12	5	10865000	82
20220526 032117	-0.33997263340987	3811	701	7	5	11273000	83
20220526 032300	-0.362895119585149	2112	823	9	5	10768000	84
20220526 032450	-0.462139811464812	3209	1024	13	5	11185000	85
20220526 032642	-0.498412185140012	3432	592	11	5	11340000	86
20220526 032803	-0.317730430506326	2828	1186	6	5	10895000	87
20220526 032947	-0.228649559708995	3391	999	10	5	11263000	88
20220526 033139	-0.412779899312432	4073	588	10	5	11273000	89
20220526 033329	-0.514224129686423	3625	939	14	5	11298000	90
20220526 033531	-0.873340121429495	3082	565	20	5	11382000	91
20220526 033717	-0.893424525001381	3065	649	10	5	11366000	92
20220526 033809	-0.878925706833493	2819	500	3	5	10201000	93
20220526 034004	-0.90346011403661	3204	714	20	5	11226000	94
20220526 034312	-0.858176326747971	2839	2	20	5	10898000	95
20220526 034459	-0.87755526265738	3347	876	11	5	11377000	96
20220526 034651	-0.951120867119882	3106	913	19	5	11184000	97
20220526 034822	-0.687735025014097	2039	1013	7	5	11293000	98
20220526 035012	-0.873249510810131	3457	992	20	5	11263000	99
20220526 035133	-0.602137669948027	1987	990	6	5	10948000	100
20220526 035252	-0.217851225751673	3491	1027	6	5	11224000	101
20220526 035436	-0.917993422770663	3573	885	10	5	11298000	102
20220526 035629	-0.314191209386071	3504	1	10	5	10973000	103
20220526 035817	-0.349810074875547	3483	1302	14	5	11151000	104
20220526 040022	-0.449346894611619	4380	3	12	5	10993000	105
20220526 040222	-0.885543802170139	2689	460	12	5	11031000	106
20220526 040350	-0.720608536519399	2957	841	7	5	11274000	107
20220526 040516	-0.160411917944114	3998	182	7	5	10859000	108
20220526 040639	-0.230653938833161	5050	2	7	5	10829000	109
20220526 040759	-0.265383935395356	3111	565	6	5	11382000	110
20220526 040931	-0.510251588529666	1194	589	7	5	10662000	111
20220526 041113	-0.890189567704369	2830	847	9	5	11274000	112
20220526 041234	-0.999996925362807	3414	879	6	5	11377000	113
20220526 041425	-0.800728145999932	3418	610	11	5	11340000	114
20220526 041608	-0.922284488626624	3939	1456	20	5	11067000	115
20220526 041759	-0.863692587010859	3688	618	11	5	11340000	116
