fecha	cp	minsplit	minbucket	maxdepth	xval_folds	ganancia	iteracion
20220520 203855	-0.0640568645772873	3359	431	7	5	9546000	1
20220520 203923	-0.265885767817963	6193	612	14	5	9224000	2
20220520 203949	-0.902623566858529	5883	1013	12	5	9344000	3
20220520 204018	-0.348179907826125	4883	1984	18	5	8987000	4
20220520 204043	-0.98709484430874	6751	189	8	5	8500000	5
20220520 204110	-0.505774316196039	2934	880	14	5	9708000	6
20220520 204127	-0.622212860305444	4500	1505	5	5	9046000	7
20220520 204146	-0.133060155368003	1829	256	5	5	10199000	8
20220520 204159	0.0656782802630915	5085	803	15	5	0	9
20220520 204220	-0.555269160849275	7545	1186	8	5	8700000	10
20220520 204253	-0.749776056359406	1168	40	11	5	8874000	11
20220520 204317	-0.803449741272198	7473	720	20	5	8700000	12
20220520 204331	-0.00542164397193112	3843	1683	3	5	8299000	13
20220520 204400	-0.270891556298981	3844	1691	14	5	8934000	14
20220520 204412	-0.656156236686123	2664	643	3	5	8782000	15
20220520 204441	-0.132784412032925	6381	980	19	5	9247000	16
20220520 204455	-0.123202458701821	4516	1073	3	5	8763000	17
20220520 204552	-0.11300633744118	201	3	19	5	6734000	18
20220520 204636	-0.905705190298832	8	1	14	5	9454000	19
20220520 204649	0.0994987026844097	7773	1	5	5	0	20
20220520 204711	-0.171951291742228	6150	232	7	5	9224000	21
20220520 204737	-0.397169847854745	1801	585	8	5	9882000	22
20220520 204804	-0.42283918560466	4902	636	20	5	9315000	23
20220520 204818	-0.23207969656158	744	370	3	5	8782000	24
20220520 204839	-0.447602490606916	2886	1442	6	5	9014000	25
20220520 204853	-0.0684772044194059	58	25	3	5	8836000	26
20220520 204919	-0.485016885740533	1558	1	8	5	8964000	27
20220520 204932	-0.85654590113538	1447	721	3	5	8782000	28
20220520 205002	-0.352915365008963	1855	920	17	5	10523000	29
20220520 205034	-0.341410857529977	2525	399	15	5	9421000	30
20220520 205103	-0.395487703378109	1756	878	20	5	9932000	31
20220520 205130	-0.36153038239609	3295	1007	12	5	9699000	32
20220520 205158	-0.153813089547109	1780	691	9	5	9761000	33
20220520 205226	-0.978481064180684	2312	1156	20	5	9726000	34
20220520 205251	-0.888323643924409	4001	2000	20	5	8986000	35
20220520 205320	-0.312578356083931	1986	992	20	5	10565000	36
20220520 205347	-0.704584783405293	2603	1297	20	5	9206000	37
20220520 205401	-0.999865220433864	3630	1814	3	5	8265000	38
20220520 205432	-0.591928937854829	1219	606	20	5	10006000	39
20220520 205457	-0.582815290123169	3848	1922	20	5	8997000	40
20220520 205532	-0.913749997060046	2595	560	20	5	9683000	41
20220520 205556	-0.0912898832925161	4004	1995	17	5	8986000	42
20220520 205639	-0.619104658893953	6171	1	20	5	8374000	43
20220520 205704	-0.31620714333861	7862	1104	20	5	8700000	44
20220520 205733	-0.318848370860556	1747	873	17	5	9924000	45
20220520 205801	-0.349448946541734	2185	1090	20	5	10066000	46
20220520 205829	-0.278997784470393	1911	955	20	5	10645000	47
20220520 205901	-0.366484225641254	1144	571	19	5	10342000	48
20220520 205928	-0.22814895571988	3707	976	20	5	9420000	49
20220520 205957	-0.295518931970674	1940	960	20	5	10704000	50
20220520 210028	-0.437045623225965	1268	631	15	5	9926000	51
20220520 210107	-0.585876152457925	6	1	13	5	8922000	52
20220520 210136	-0.624656976466546	1997	997	16	5	10176000	53
20220520 210229	-0.999840293584683	118	17	20	5	5056000	54
20220520 210253	-0.962842739392238	7994	1432	20	5	8552000	55
20220520 210321	-0.935729338522739	2315	1151	14	5	9595000	56
20220520 210400	-0.862963981356892	4308	3	13	5	9346000	57
20220520 210438	-0.86514387600577	1922	959	20	5	10702000	58
20220520 210521	-0.839034605113353	1300	649	17	5	9747000	59
20220520 210552	-0.8875361814793	2178	1087	20	5	10066000	60
20220520 210620	-0.852247989812383	2790	1344	20	5	9048000	61
20220520 210651	-0.868625248394479	1279	630	20	5	9888000	62
20220520 210721	-0.867005894232565	2095	902	16	5	10126000	63
20220520 210735	-0.916992951598712	5918	2	3	5	8754000	64
20220520 210749	-0.114251686947238	2477	456	3	5	8782000	65
20220520 210808	-0.056031858106872	7992	1955	5	5	8552000	66
20220520 210838	-0.546235563523508	1662	826	20	5	9808000	67
20220520 210852	-0.152857720593556	1328	30	3	5	8782000	68
20220520 210921	-0.12291338183996	547	260	8	5	9471000	69
20220520 210958	-0.276953801237852	655	304	20	5	9225000	70
20220520 211059	-0.808248406943017	7	1	20	5	7332000	71
20220520 211126	-0.863186456613792	5334	921	20	5	9304000	72
20220520 211157	-0.781839905349475	1836	916	20	5	10031000	73
20220520 211237	-0.915931427891945	1115	542	11	5	10200000	74
20220520 211308	-0.134635426880293	3073	1531	7	5	8905000	75
20220520 211340	-0.590380997555443	1473	717	11	5	9700000	76
20220520 211405	-0.691627092511291	5489	2000	11	5	9022000	77
20220520 211439	-0.667508043724691	1590	789	20	5	9587000	78
20220520 211510	-0.584617476519961	7919	588	16	5	8552000	79
20220520 211541	-0.733703896163716	1983	985	10	5	10565000	80
20220520 211613	-0.799486029301959	1989	979	10	5	10565000	81
20220520 211644	-0.677049451274874	2186	1093	10	5	10070000	82
20220520 211707	-0.753747418381057	7939	1020	7	5	8552000	83
20220520 211740	-0.831298957783597	1805	900	12	5	10024000	84
20220520 211805	-0.998424300043259	7943	965	8	5	8552000	85
20220520 211831	-0.780043158137419	3503	1750	7	5	9110000	86
20220520 211900	-0.517728720478681	1937	967	8	5	10708000	87
20220520 211931	-0.92978609393408	1960	972	9	5	10574000	88
20220520 211958	-0.132430699283946	7999	1730	20	5	8552000	89
20220520 212026	-0.893073447120428	458	229	7	5	9854000	90
20220520 212043	-0.508539789588083	4006	2000	3	5	8326000	91
20220520 212107	-0.175715070259027	7934	956	7	5	8552000	92
20220520 212138	-0.535281414203689	1698	298	8	5	9685000	93
20220520 212205	-0.508625035411611	7994	1712	20	5	8552000	94
20220520 212236	-0.495780375327544	1944	963	9	5	10704000	95
20220520 212310	-0.507290132816001	1956	972	18	5	10574000	96
20220520 212339	-0.286921106627956	1942	964	8	5	10704000	97
20220520 212413	-0.531196507812217	1956	966	10	5	10550000	98
20220520 212439	-0.360276124923692	1939	961	6	5	10704000	99
20220520 212506	-0.687979713059955	1961	971	7	5	10552000	100
20220520 212547	-0.284623526577178	1939	603	20	5	10227000	101
20220520 212613	-0.999218520911408	7998	2000	20	5	8552000	102
20220520 212647	-0.89718055603804	7999	330	13	5	8552000	103
20220520 212719	-0.156244397843899	1955	977	9	5	10565000	104
20220520 212752	-0.926649087575639	1950	974	20	5	10715000	105
20220520 212817	-0.891216626176915	280	2	6	5	9648000	106
20220520 212833	-0.163025193421486	3810	1904	3	5	8326000	107
20220520 212849	-0.849378333982101	7987	2000	3	5	8552000	108
20220520 212914	-0.0739257093383202	2814	207	6	5	9695000	109
20220520 212939	-0.168998772384316	1956	972	6	5	10574000	110
20220520 213011	-0.18281986354473	7306	430	20	5	8326000	111
20220520 213041	-0.887774079528584	3350	442	9	5	9546000	112
20220520 213112	-0.478354084371707	1927	961	7	5	10704000	113
20220520 213140	-0.201290270837525	3411	327	7	5	9546000	114
20220520 213208	-0.126156676264404	1962	976	7	5	10565000	115
20220520 213240	-0.292451467149416	1955	972	18	5	10574000	116
