fecha	gamma	alpha	lambda	subsample	tree_method	grow_policy	max_bin	max_leaves	scale_pos_weight	eta	colsample_bytree	min_child_weight	max_depth	prob_corte	nrounds	ganancia	iteracion
20220529 225431	0	0	0	1	auto	depthwise	256	0	1	0.102202779924264	0.49222150512971	3	18	0.0316900063854215	45	7997000	1
20220529 230030	0	0	0	1	auto	depthwise	256	0	1	0.221751083857613	0.711980096399784	3	26	0.0354311032783395	9	7489000	2
20220529 230435	0	0	0	1	auto	depthwise	256	0	1	0.286808822112624	0.769564598612487	6	12	0.0230633287928261	13	10156000	3
20220529 230822	0	0	0	1	auto	depthwise	256	0	1	0.277294521745178	0.55981213580817	2	20	0.040023063167367	1	8005000	4
20220529 231159	0	0	0	1	auto	depthwise	256	0	1	0.447905496926513	0.738848514193669	8	22	0.0121582518011564	6	9902000	5
20220529 231656	0	0	0	1	auto	depthwise	256	0	1	0.122488842295134	0.675295997653157	1	7	0.0346033206709156	60	8701000	6
20220529 231756	0	0	0	1	auto	depthwise	256	0	1	0.194009668852319	0.202218028195202	2	4	0.0253407647973897	39	11222000	7
20220529 232059	0	0	0	1	auto	depthwise	256	0	1	0.466350591669325	0.611643487419933	5	22	0.0289599870695383	1	10155000	8
20220529 232902	0	0	0	1	auto	depthwise	256	0	1	0.162252523759613	0.991212265742943	4	15	0.0487321570510782	24	6655000	9
20220529 233222	0	0	0	1	auto	depthwise	256	0	1	0.379442763992236	0.86795398985967	10	9	0.0194913435227742	13	10614000	10
20220529 233331	0	0	0	1	auto	depthwise	256	0	1	0.408772298642318	0.303937402917072	0	28	0.0432167073488624	1	2740000	11
20220529 233659	0	0	0	1	auto	depthwise	256	0	1	0.237562142688781	0.595469090696424	0	11	0.0148535098055921	1	9365000	12
20220529 233757	0	0	0	1	auto	depthwise	256	0	1	0.322397526007728	0.362761122789234	7	3	0.0449434730719077	30	7640000	13
20220530 000722	0	0	0	1	auto	depthwise	256	0	1	0.0141757797779283	0.459479416329414	9	30	0.0177183413819876	342	12700000	14
20220530 001153	0	0	0	1	auto	depthwise	256	0	1	0.0485532120990101	0.336309147942811	9	4	0.0211058797770723	255	12727000	15
20220530 001557	0	0	0	1	auto	depthwise	256	0	1	0.491423549672239	0.903780208248645	10	24	0.0379710046870362	4	8588000	16
20220530 002304	0	0	0	1	auto	depthwise	256	0	1	0.142483504672302	0.801590017592534	7	16	0.00873703194617216	34	11304000	17
20220530 002437	0	0	0	1	auto	depthwise	256	0	1	0.345546576000866	0.265265403985977	8	13	0.0136122452007839	9	10775000	18
20220530 003227	0	0	0	1	auto	depthwise	256	0	1	0.0664330117785139	0.409386152271181	5	27	0.0467546117506572	51	6685000	19
20220530 003525	0	0	0	1	auto	depthwise	256	0	1	0.355987134573981	0.94313038722612	4	7	0.0295860350937195	6	8918000	20
20220530 004827	0	0	0	1	auto	depthwise	256	0	1	0.0101326598161049	0.201443707518158	9	10	0.0185447539692571	354	13143000	21
20220530 011102	0	0	0	1	auto	depthwise	256	0	1	0.0110160559266455	0.200796666931368	10	21	0.020018791749307	723	12740000	22
20220530 012624	0	0	0	1	auto	depthwise	256	0	1	0.0100161339837203	0.362547811327853	10	3	0.016578116773066	1105	13711000	23
20220530 013921	0	0	0	1	auto	depthwise	256	0	1	0.0101007548479356	0.444568371250913	10	7	0.00840358832084598	70	12503000	24
20220530 014054	0	0	0	1	auto	depthwise	256	0	1	0.0783194521420772	0.201165203550497	10	2	0.0150018071287482	169	13225000	25
20220530 015814	0	0	0	1	auto	depthwise	256	0	1	0.0101542229169177	0.762073657102737	10	2	0.013893418407262	1019	13372000	26
20220530 021232	0	0	0	1	auto	depthwise	256	0	1	0.0101688299569027	0.56648822461225	9	2	0.0150858437305811	1031	13218000	27
20220530 023529	0	0	0	1	auto	depthwise	256	0	1	0.0100496044920787	0.307872758578787	10	20	0.0132654940205487	339	13151000	28
20220530 030420	0	0	0	1	auto	depthwise	256	0	1	0.0101474878133509	0.539967557143598	10	9	0.0165342599726091	454	13298000	29
20220530 031047	0	0	0	1	auto	depthwise	256	0	1	0.0224743660249778	0.20063199625409	10	2	0.0164041207790568	1016	13453000	30
20220530 032254	0	0	0	1	auto	depthwise	256	0	1	0.0104275020623747	0.385124083384362	10	2	0.0129122921315114	1206	12994000	31
20220530 035327	0	0	0	1	auto	depthwise	256	0	1	0.0102392633961848	0.662149304638732	10	30	0.00839583511592476	71	11959000	32
20220530 035616	0	0	0	1	auto	depthwise	256	0	1	0.0771896769268837	0.36516822453906	10	2	0.0177313371792287	280	13564000	33
20220530 041902	0	0	0	1	auto	depthwise	256	0	1	0.0105181487618582	0.998932368627046	10	2	0.0165710062560742	1130	13031000	34
20220530 044312	0	0	0	1	auto	depthwise	256	0	1	0.0102593684253355	0.201794358231876	7	30	0.0154492721886811	545	12901000	35
20220530 044357	0	0	0	1	auto	depthwise	256	0	1	0.498271233163769	0.288582711084328	10	2	0.0248817097722658	36	11461000	36
20220530 044616	0	0	0	1	auto	depthwise	256	0	1	0.116114617716326	0.200071397200505	10	25	0.0163424477401967	26	12691000	37
20220530 045545	0	0	0	1	auto	depthwise	256	0	1	0.010109204515718	0.203285860119548	10	2	0.0390074626030862	1382	10356000	38
20220530 050315	0	0	0	1	auto	depthwise	256	0	1	0.0246243836023889	0.33911063264575	10	4	0.0171238018436085	416	13648000	39
20220530 053420	0	0	0	1	auto	depthwise	256	0	1	0.0106714712984433	0.999567473896008	10	2	0.00843327940071146	1759	11406000	40
20220530 054533	0	0	0	1	auto	depthwise	256	0	1	0.0119326870014103	0.237289398764484	8	26	0.00835656127773836	43	12664000	41
20220530 055031	0	0	0	1	auto	depthwise	256	0	1	0.042240833446241	0.737610371165106	10	2	0.0178283800247042	279	12844000	42
20220530 060812	0	0	0	1	auto	depthwise	256	0	1	0.0100596258953935	0.357795600709126	10	6	0.015694616202019	593	13764000	43
20220530 070556	0	0	0	1	auto	depthwise	256	0	1	0.0100131194372657	0.967999473138731	10	22	0.014454618360098	266	13195000	44
20220530 070714	0	0	0	1	auto	depthwise	256	0	1	0.491701863632111	0.200021415370831	10	30	0.0228087305046017	7	9229000	45
20220530 070936	0	0	0	1	auto	depthwise	256	0	1	0.117356991419068	0.939651675558609	10	2	0.0146486778356246	83	13068000	46
20220530 073102	0	0	0	1	auto	depthwise	256	0	1	0.0104153812650707	0.364389820897765	10	15	0.0155063374426201	270	13502000	47
20220530 073948	0	0	0	1	auto	depthwise	256	0	1	0.0113459394099949	0.200658073986119	10	2	0.0257594289175098	1293	12465000	48
